Supplier.Name,lat,long,Total.Population.Served,liters.2014.2015,liters.2014.2015.capita,Month,Year,Conservation.Standard.2015,SPEI_3YEARS,SPI_3YEARSAdelanto City of,34.6093615,-117.6754371,31765,421623033.5,13273.19482,Oct,14,20%,-2.164464696,-1.659207743Adelanto City of,34.6093615,-117.6754371,32543,455006586.6,13981.7038,May,15,20%,-2.164464696,-1.659207743Adelanto City of,34.6093615,-117.6754371,32543,420862165.6,12932.49441,Apr,15,20%,-2.164464696,-1.659207743Adelanto City of,34.6093615,-117.6754371,28723,520051443.8,18105.74953,Jun,15,20%,-2.164464696,-1.659207743Adelanto City of,34.6093615,-117.6754371,31765,299244431.7,9420.570806,Dec,14,20%,-2.164464696,-1.659207743Adelanto City of,34.6093615,-117.6754371,31765,353262268.5,11121.11659,Nov,14,20%,-2.164464696,-1.659207743Adelanto City of,34.6093615,-117.6754371,31765,531548990.8,16733.79477,Jun,14,20%,-2.164464696,-1.659207743Adelanto City of,34.6093615,-117.6754371,31765,469514346.7,14780.87035,Sep,14,20%,-2.164464696,-1.659207743Adelanto City of,34.6093615,-117.6754371,31765,490267704.4,15434.21075,Aug,14,20%,-2.164464696,-1.659207743Adelanto City of,34.6093615,-117.6754371,31765,611686666.3,19256.62415,Jul,14,20%,-2.164464696,-1.659207743Adelanto City of,34.6093615,-117.6754371,32543,357869115.6,10996.80778,Mar,15,20%,-2.164464696,-1.659207743Adelanto City of,34.6093615,-117.6754371,28723,490405871.9,17073.62991,Jul,15,20%,-2.164464696,-1.659207743Adelanto City of,34.6093615,-117.6754371,28723,455693904,15865.12217,Aug,15,20%,-2.164464696,-1.659207743Adelanto City of,34.6093615,-117.6754371,32543,265050800.2,8144.633262,Feb,15,20%,-2.164464696,-1.659207743Adelanto City of,34.6093615,-117.6754371,32543,319000499.7,9802.43062,Jan,15,20%,-2.164464696,-1.659207743Alameda County Water District,36.778261,-119.4179324,346000,4387293127,12680.03794,Aug,15,16%,-2.515306782,-2.230197237Alameda County Water District,36.778261,-119.4179324,340000,3418227518,10053.61035,Nov,14,16%,-2.515306782,-2.230197237Alameda County Water District,36.778261,-119.4179324,340000,3250533743,9560.393362,Jan,15,16%,-2.515306782,-2.230197237Alameda County Water District,36.778261,-119.4179324,340000,3062777281,9008.168475,Dec,14,16%,-2.515306782,-2.230197237Alameda County Water District,36.778261,-119.4179324,344000,4042820587,11752.38543,Jun,15,16%,-2.515306782,-2.230197237Alameda County Water District,36.778261,-119.4179324,340000,3622639795,10654.82293,Apr,15,16%,-2.515306782,-2.230197237Alameda County Water District,36.778261,-119.4179324,346000,4341868177,12548.75196,Jul,15,16%,-2.515306782,-2.230197237Alameda County Water District,36.778261,-119.4179324,340000,5022485350,14772.01574,Aug,14,16%,-2.515306782,-2.230197237Alameda County Water District,36.778261,-119.4179324,344000,3837272686,11154.86246,May,15,16%,-2.515306782,-2.230197237Alameda County Water District,36.778261,-119.4179324,340000,3010160047,8853.411904,Feb,15,16%,-2.515306782,-2.230197237Alameda County Water District,36.778261,-119.4179324,340000,4621988704,13594.08442,Sep,14,16%,-2.515306782,-2.230197237Alameda County Water District,36.778261,-119.4179324,340000,3637781445,10699.35719,Mar,15,16%,-2.515306782,-2.230197237Alameda County Water District,36.778261,-119.4179324,340000,4330133398,12735.68646,Oct,14,16%,-2.515306782,-2.230197237Alameda County Water District,36.778261,-119.4179324,337562,5304120043,15713.0247,Jul,14,16%,-2.515306782,-2.230197237Alco Water Service,36.778261,-119.4179324,29141,377602471.1,12957.77328,Nov,14,24%,-2.515306782,-2.230197237Alco Water Service,36.778261,-119.4179324,29179,455960510.6,15626.32409,Aug,15,24%,-2.515306782,-2.230197237Alco Water Service,36.778261,-119.4179324,29179,445342428.4,15262.42943,Jul,15,24%,-2.515306782,-2.230197237Alco Water Service,36.778261,-119.4179324,29179,426994533.9,14633.62466,Jun,15,24%,-2.515306782,-2.230197237Alco Water Service,36.778261,-119.4179324,29141,469205669,16101.22058,Oct,14,24%,-2.515306782,-2.230197237Alco Water Service,36.778261,-119.4179324,29179,414673016.1,14211.35118,Apr,15,24%,-2.515306782,-2.230197237Alco Water Service,36.778261,-119.4179324,29179,370845509.7,12709.32896,Mar,15,24%,-2.515306782,-2.230197237Alco Water Service,36.778261,-119.4179324,29179,340543282.4,11670.83459,Feb,15,24%,-2.515306782,-2.230197237Alco Water Service,36.778261,-119.4179324,29179,390987689.8,13399.6261,May,15,24%,-2.515306782,-2.230197237Alco Water Service,36.778261,-119.4179324,29141,339460654.4,11648.90204,Dec,14,24%,-2.515306782,-2.230197237Alco Water Service,36.778261,-119.4179324,29141,484555516.9,16627.96462,Sep,14,24%,-2.515306782,-2.230197237Alco Water Service,36.778261,-119.4179324,29334,500976636.4,17078.36082,Aug,14,24%,-2.515306782,-2.230197237Alco Water Service,36.778261,-119.4179324,29179,339543933.5,11636.58568,Jan,15,24%,-2.515306782,-2.230197237Alco Water Service,36.778261,-119.4179324,29334,528227821.3,18007.35738,Jul,14,24%,-2.515306782,-2.230197237Alco Water Service,36.778261,-119.4179324,29334,513623699.7,17509.50091,Jun,14,24%,-2.515306782,-2.230197237Alhambra  City of,37.8012978,-122.4405747,85068,1261431127,14828.5034,Jun,14,24%,-1.947805643,-1.301461457Alhambra  City of,37.8012978,-122.4405747,85068,1267931569,14904.91805,Aug,14,24%,-1.947805643,-1.301461457Alhambra  City of,37.8012978,-122.4405747,85068,1163912162,13682.13855,Oct,14,24%,-1.947805643,-1.301461457Alhambra  City of,37.8012978,-122.4405747,85068,1147223171,13485.95443,Sep,14,24%,-1.947805643,-1.301461457Alhambra  City of,37.8012978,-122.4405747,85068,946104182.2,11121.74005,Jun,15,24%,-1.947805643,-1.301461457Alhambra  City of,37.8012978,-122.4405747,85068,1238821430,14562.71959,Jul,14,24%,-1.947805643,-1.301461457Alhambra  City of,37.8012978,-122.4405747,85068,1025022262,12049.44588,Aug,15,24%,-1.947805643,-1.301461457Alhambra  City of,37.8012978,-122.4405747,85068,973906831.8,11448.56858,Jul,15,24%,-1.947805643,-1.301461457Alhambra  City of,37.8012978,-122.4405747,85068,852840724.6,10025.39997,Feb,15,24%,-1.947805643,-1.301461457Alhambra  City of,37.8012978,-122.4405747,85068,946831935.7,11130.29501,May,15,24%,-1.947805643,-1.301461457Alhambra  City of,37.8012978,-122.4405747,85068,946733257.2,11129.13501,Apr,15,24%,-1.947805643,-1.301461457Alhambra  City of,37.8012978,-122.4405747,85068,1001586133,11773.94712,Mar,15,24%,-1.947805643,-1.301461457Alhambra  City of,37.8012978,-122.4405747,85068,862079493.3,10134.00448,Dec,14,24%,-1.947805643,-1.301461457Alhambra  City of,37.8012978,-122.4405747,85068,907348226.2,10666.15209,Jan,15,24%,-1.947805643,-1.301461457Alhambra  City of,37.8012978,-122.4405747,85068,969638989.4,11398.3988,Nov,14,24%,-1.947805643,-1.301461457Amador Water Agency,36.778261,-119.4179324,23347,193737413.5,8298.17165,Feb,15,24%,-2.515306782,-2.230197237Amador Water Agency,36.778261,-119.4179324,23347,369077722.1,15808.35748,Jul,15,24%,-2.515306782,-2.230197237Amador Water Agency,36.778261,-119.4179324,23347,361734021.8,15493.8117,Jun,15,24%,-2.515306782,-2.230197237Amador Water Agency,36.778261,-119.4179324,23347,257483760.6,11028.55873,Apr,15,24%,-2.515306782,-2.230197237Amador Water Agency,36.778261,-119.4179324,23347,489491694.8,20965.93544,Jun,14,24%,-2.515306782,-2.230197237Amador Water Agency,36.778261,-119.4179324,23347,252789849,10827.50885,Mar,15,24%,-2.515306782,-2.230197237Amador Water Agency,36.778261,-119.4179324,23347,357418651.5,15308.97552,Aug,15,24%,-2.515306782,-2.230197237Amador Water Agency,36.778261,-119.4179324,23347,246203231.2,10545.39047,Dec,14,24%,-2.515306782,-2.230197237Amador Water Agency,36.778261,-119.4179324,23347,209295459,8964.554719,Nov,14,24%,-2.515306782,-2.230197237Amador Water Agency,36.778261,-119.4179324,23347,259830716.4,11129.08367,May,15,24%,-2.515306782,-2.230197237Amador Water Agency,36.778261,-119.4179324,23347,209636146.1,8979.147049,Jan,15,24%,-2.515306782,-2.230197237Amador Water Agency,36.778261,-119.4179324,23347,504519782.6,21609.61933,Jul,14,24%,-2.515306782,-2.230197237Amador Water Agency,36.778261,-119.4179324,23347,433467589.3,18566.30785,Aug,14,24%,-2.515306782,-2.230197237Amador Water Agency,36.778261,-119.4179324,23347,335501112.9,14370.20229,Oct,14,24%,-2.515306782,-2.230197237Amador Water Agency,36.778261,-119.4179324,23347,428281574.1,18344.18016,Sep,14,24%,-2.515306782,-2.230197237"American Canyon, City of",34.4311491,-119.7177312,20080,365110216.1,18182.77968,Aug,15,20%,-2.191422233,-1.686251237"American Canyon, City of",34.4311491,-119.7177312,20080,261497857.5,13022.80167,Jan,15,20%,-2.191422233,-1.686251237"American Canyon, City of",34.4311491,-119.7177312,20080,307136634.5,15295.64913,Mar,15,20%,-2.191422233,-1.686251237"American Canyon, City of",34.4311491,-119.7177312,20080,345374528.7,17199.92673,Oct,14,20%,-2.191422233,-1.686251237"American Canyon, City of",34.4311491,-119.7177312,20080,363876735.6,18121.35138,Sep,14,20%,-2.191422233,-1.686251237"American Canyon, City of",34.4311491,-119.7177312,20080,314537517.2,15664.21899,Apr,15,20%,-2.191422233,-1.686251237"American Canyon, City of",34.4311491,-119.7177312,20080,437885563.2,21807.04996,Jul,14,20%,-2.191422233,-1.686251237"American Canyon, City of",34.4311491,-119.7177312,20080,247929572.4,12347.09026,Feb,15,20%,-2.191422233,-1.686251237"American Canyon, City of",34.4311491,-119.7177312,20080,247929572.4,12347.09026,Dec,14,20%,-2.191422233,-1.686251237"American Canyon, City of",34.4311491,-119.7177312,20080,421850317.2,21008.48193,Jun,14,20%,-2.191422233,-1.686251237"American Canyon, City of",34.4311491,-119.7177312,20080,407048551.7,20271.34222,Aug,14,20%,-2.191422233,-1.686251237"American Canyon, City of",34.4311491,-119.7177312,20080,261497857.5,13022.80167,Nov,14,20%,-2.191422233,-1.686251237"American Canyon, City of",34.4311491,-119.7177312,20080,335506685,16708.50025,Jun,15,20%,-2.191422233,-1.686251237"American Canyon, City of",34.4311491,-119.7177312,20080,346608009.2,17261.35504,May,15,20%,-2.191422233,-1.686251237"American Canyon, City of",34.4311491,-119.7177312,20080,367577177,18305.6363,Jul,15,20%,-2.191422233,-1.686251237Anaheim  City of,33.780285,-117.8927186,358549,6148900092,17149.39964,Apr,15,20%,-2.491475993,-1.866143132Anaheim  City of,33.780285,-117.8927186,356762,8424671540,23614.26256,Jul,14,20%,-2.491475993,-1.866143132Anaheim  City of,33.780285,-117.8927186,358549,5444582749,15185.04514,Jan,15,20%,-2.491475993,-1.866143132Anaheim  City of,33.780285,-117.8927186,358549,5171983568,14424.76082,Feb,15,20%,-2.491475993,-1.866143132Anaheim  City of,33.780285,-117.8927186,356762,6143966170,17221.47025,Nov,14,20%,-2.491475993,-1.866143132Anaheim  City of,33.780285,-117.8927186,360142,5704847126,15840.54936,Jul,15,20%,-2.491475993,-1.866143132Anaheim  City of,33.780285,-117.8927186,356762,4699560551,13172.81704,Dec,14,20%,-2.491475993,-1.866143132Anaheim  City of,33.780285,-117.8927186,358549,6032952928,16826.02079,Mar,15,20%,-2.491475993,-1.866143132Anaheim  City of,33.780285,-117.8927186,360142,6331455200,17580.44105,Aug,15,20%,-2.491475993,-1.866143132Anaheim  City of,33.780285,-117.8927186,356762,7183790197,20136.08567,Oct,14,20%,-2.491475993,-1.866143132Anaheim  City of,33.780285,-117.8927186,360142,6009516800,16686.52032,Jun,15,20%,-2.491475993,-1.866143132Anaheim  City of,33.780285,-117.8927186,356762,8059561324,22590.8626,Aug,14,20%,-2.491475993,-1.866143132Anaheim  City of,33.780285,-117.8927186,358549,5618503494,15670.11341,May,15,20%,-2.491475993,-1.866143132Anaheim  City of,33.780285,-117.8927186,356762,7605640515,21318.52752,Sep,14,20%,-2.491475993,-1.866143132Anaheim  City of,33.780285,-117.8927186,356762,7805464349,21878.63155,Jun,14,20%,-2.491475993,-1.866143132"Anderson, City of",37.7385568,-122.4152012,11147,314079463.4,28176.14276,Aug,15,36%,-1.947648152,-1.330311649"Anderson, City of",37.7385568,-122.4152012,11147,335414048.4,30090.07342,Jul,15,36%,-1.947648152,-1.330311649"Anderson, City of",37.7385568,-122.4152012,11147,296261526.6,26577.69145,Jun,15,36%,-1.947648152,-1.330311649"Anderson, City of",37.7385568,-122.4152012,11147,258865436.2,23222.87935,May,15,36%,-1.947648152,-1.330311649"Anderson, City of",37.7385568,-122.4152012,11147,195138016.1,17505.87747,Apr,15,36%,-1.947648152,-1.330311649"Anderson, City of",37.7385568,-122.4152012,10050,146260769.5,14553.3104,Nov,14,36%,-1.947648152,-1.330311649"Anderson, City of",37.7385568,-122.4152012,10050,226352527.9,22522.63959,Oct,14,36%,-1.947648152,-1.330311649"Anderson, City of",37.7385568,-122.4152012,10050,315222658,31365.4386,Sep,14,36%,-1.947648152,-1.330311649"Anderson, City of",37.7385568,-122.4152012,10050,376334357.9,37446.20477,Aug,14,36%,-1.947648152,-1.330311649"Anderson, City of",37.7385568,-122.4152012,10050,428451917.7,42632.03161,Jul,14,36%,-1.947648152,-1.330311649"Anderson, City of",37.7385568,-122.4152012,10050,395072150,39310.66169,Jun,14,36%,-1.947648152,-1.330311649Antioch  City of,38.0130582,-121.8700473,106455,1869039868,17557.08861,Oct,14,28%,-2.040757525,-1.091323222Antioch  City of,38.0130582,-121.8700473,108298,1729978953,15974.24655,Aug,15,28%,-2.040757525,-1.091323222Antioch  City of,38.0130582,-121.8700473,106455,1304846842,12257.26215,Nov,14,28%,-2.040757525,-1.091323222Antioch  City of,38.0130582,-121.8700473,106455,1010182760,9489.29369,Feb,15,28%,-2.040757525,-1.091323222Antioch  City of,38.0130582,-121.8700473,106455,2001196190,18798.51759,Sep,14,28%,-2.040757525,-1.091323222Antioch  City of,38.0130582,-121.8700473,106455,1616889754,15188.48108,May,15,28%,-2.040757525,-1.091323222Antioch  City of,38.0130582,-121.8700473,108298,1625948246,15013.6498,Jun,15,28%,-2.040757525,-1.091323222Antioch  City of,38.0130582,-121.8700473,106455,1053487879,9896.086413,Dec,14,28%,-2.040757525,-1.091323222Antioch  City of,38.0130582,-121.8700473,106455,1481750526,13919.03176,Apr,15,28%,-2.040757525,-1.091323222Antioch  City of,38.0130582,-121.8700473,106455,2391945399,22469.07519,Jul,14,28%,-2.040757525,-1.091323222Antioch  City of,38.0130582,-121.8700473,108298,1730698181,15980.88775,Jul,15,28%,-2.040757525,-1.091323222Antioch  City of,38.0130582,-121.8700473,106455,1370201990,12871.18491,Mar,15,28%,-2.040757525,-1.091323222Antioch  City of,38.0130582,-121.8700473,106455,1106706994,10396.00765,Jan,15,28%,-2.040757525,-1.091323222Antioch  City of,38.0130582,-121.8700473,106455,2231072937,20957.89711,Aug,14,28%,-2.040757525,-1.091323222Antioch  City of,38.0130582,-121.8700473,106455,2335652529,21940.28021,Jun,14,28%,-2.040757525,-1.091323222Apple Valley Ranchos Water Company,36.778261,-119.4179324,62602,1215178626,19411.17897,May,15,28%,-2.515306782,-2.230197237Apple Valley Ranchos Water Company,36.778261,-119.4179324,62602,1673508850,26732.51414,Jun,14,28%,-2.515306782,-2.230197237Apple Valley Ranchos Water Company,36.778261,-119.4179324,62602,708265720.8,11313.78743,Dec,14,28%,-2.515306782,-2.230197237Apple Valley Ranchos Water Company,36.778261,-119.4179324,62602,1127753585,18014.65744,Apr,15,28%,-2.515306782,-2.230197237Apple Valley Ranchos Water Company,36.778261,-119.4179324,62602,1212825659,19373.59284,Jul,15,28%,-2.515306782,-2.230197237Apple Valley Ranchos Water Company,36.778261,-119.4179324,62602,1236683782,19754.70084,Jun,15,28%,-2.515306782,-2.230197237Apple Valley Ranchos Water Company,36.778261,-119.4179324,62602,1733360856,27688.58592,Aug,14,28%,-2.515306782,-2.230197237Apple Valley Ranchos Water Company,36.778261,-119.4179324,62602,1606122254,25656.08533,Sep,14,28%,-2.515306782,-2.230197237Apple Valley Ranchos Water Company,36.778261,-119.4179324,62602,1000322441,15979.0812,Mar,15,28%,-2.515306782,-2.230197237Apple Valley Ranchos Water Company,36.778261,-119.4179324,62602,677141998.4,10816.61925,Jan,15,28%,-2.515306782,-2.230197237Apple Valley Ranchos Water Company,36.778261,-119.4179324,62602,679545932.2,10855.01952,Feb,15,28%,-2.515306782,-2.230197237Apple Valley Ranchos Water Company,36.778261,-119.4179324,62602,1001287979,15994.50463,Nov,14,28%,-2.515306782,-2.230197237Apple Valley Ranchos Water Company,36.778261,-119.4179324,62602,1253097921,20016.89916,Aug,15,28%,-2.515306782,-2.230197237Apple Valley Ranchos Water Company,36.778261,-119.4179324,62602,1828493209,29208.22352,Jul,14,28%,-2.515306782,-2.230197237Apple Valley Ranchos Water Company,36.778261,-119.4179324,62602,1384917872,22122.58189,Oct,14,28%,-2.515306782,-2.230197237Arcadia  City of,34.1358596,-118.0506039,54500,2004405747,36778.0871,Sep,14,36%,-2.365034907,-1.944265532Arcadia  City of,34.1358596,-118.0506039,54705,1449339540,26493.73074,Mar,15,36%,-2.365034907,-1.944265532Arcadia  City of,34.1358596,-118.0506039,45048,2138682430,47475.63554,Jun,14,36%,-2.365034907,-1.944265532Arcadia  City of,34.1358596,-118.0506039,57639,1516810921,26315.70501,Jun,15,36%,-2.365034907,-1.944265532Arcadia  City of,34.1358596,-118.0506039,45048,2105551145,46740.16926,Aug,14,36%,-2.365034907,-1.944265532Arcadia  City of,34.1358596,-118.0506039,54500,2219031347,40716.1715,Jul,14,36%,-2.365034907,-1.944265532Arcadia  City of,34.1358596,-118.0506039,54500,1881403076,34521.15735,Oct,14,36%,-2.365034907,-1.944265532Arcadia  City of,34.1358596,-118.0506039,57639,1199263712,20806.46284,Feb,15,36%,-2.365034907,-1.944265532Arcadia  City of,34.1358596,-118.0506039,57639,1356828506,23540.11183,May,15,36%,-2.365034907,-1.944265532Arcadia  City of,34.1358596,-118.0506039,57639,1444405618,25059.51905,Apr,15,36%,-2.365034907,-1.944265532Arcadia  City of,34.1358596,-118.0506039,57639,1661498179,28825.93694,Aug,15,36%,-2.365034907,-1.944265532Arcadia  City of,34.1358596,-118.0506039,57639,1530502554,26553.24614,Nov,14,36%,-2.365034907,-1.944265532Arcadia  City of,34.1358596,-118.0506039,57639,1169857538,20296.28442,Jan,15,36%,-2.365034907,-1.944265532Arcadia  City of,34.1358596,-118.0506039,57639,1546784496,26835.72748,Jul,15,36%,-2.365034907,-1.944265532Arcadia  City of,34.1358596,-118.0506039,57639,1021321821,17719.28418,Dec,14,36%,-2.365034907,-1.944265532Arcata  City of,40.8807148,-124.0769691,18155,173811001.9,9573.726352,Feb,15,4%,-1.629446636,-1.479974886Arcata  City of,40.8807148,-124.0769691,18464,191723574,10383.64244,Mar,15,4%,-1.629446636,-1.479974886Arcata  City of,40.8807148,-124.0769691,18155,169790893.8,9352.293793,Jan,15,4%,-1.629446636,-1.479974886Arcata  City of,40.8807148,-124.0769691,18464,223698953.7,12115.41127,Jun,14,4%,-1.629446636,-1.479974886Arcata  City of,40.8807148,-124.0769691,18464,186064382.3,10077.14376,Apr,15,4%,-1.629446636,-1.479974886Arcata  City of,40.8807148,-124.0769691,18464,221268718.9,11983.7911,Jun,15,4%,-1.629446636,-1.479974886Arcata  City of,40.8807148,-124.0769691,18155,259331041.9,14284.27661,Sep,14,4%,-1.629446636,-1.479974886Arcata  City of,40.8807148,-124.0769691,18155,201735990.2,11111.86947,Dec,14,4%,-1.629446636,-1.479974886Arcata  City of,40.8807148,-124.0769691,18155,166349953.8,9162.762535,Nov,14,4%,-1.629446636,-1.479974886Arcata  City of,40.8807148,-124.0769691,18155,208791999.2,11500.52323,Oct,14,4%,-1.629446636,-1.479974886Arcata  City of,40.8807148,-124.0769691,18464,230736035.6,12496.53572,Aug,15,4%,-1.629446636,-1.479974886Arcata  City of,40.8807148,-124.0769691,17712,240676528.9,13588.33158,Aug,14,4%,-1.629446636,-1.479974886Arcata  City of,40.8807148,-124.0769691,17712,247781748.3,13989.48443,Jul,14,4%,-1.629446636,-1.479974886Arcata  City of,40.8807148,-124.0769691,18464,219413866.7,11883.33334,Jul,15,4%,-1.629446636,-1.479974886Arcata  City of,40.8807148,-124.0769691,18464,194910891.4,10556.26578,May,15,4%,-1.629446636,-1.479974886Arroyo Grande  City of,35.0952135,-120.5816419,17121,231030890.1,13494.00678,Jul,15,28%,-2.646418124,-2.28044667Arroyo Grande  City of,35.0952135,-120.5816419,17003,213515467.6,12557.51735,Feb,15,28%,-2.646418124,-2.28044667Arroyo Grande  City of,35.0952135,-120.5816419,16901,303436193.1,17953.74197,Oct,14,28%,-2.646418124,-2.28044667Arroyo Grande  City of,35.0952135,-120.5816419,17003,234854679.5,13812.54364,Jan,15,28%,-2.646418124,-2.28044667Arroyo Grande  City of,35.0952135,-120.5816419,17003,256440587.6,15082.0789,Apr,15,28%,-2.646418124,-2.28044667Arroyo Grande  City of,35.0952135,-120.5816419,17003,246942788,14523.48339,Mar,15,28%,-2.646418124,-2.28044667Arroyo Grande  City of,35.0952135,-120.5816419,17121,243735738.8,14236.06909,Aug,15,28%,-2.646418124,-2.28044667Arroyo Grande  City of,35.0952135,-120.5816419,16901,301585972.4,17844.26794,Sep,14,28%,-2.646418124,-2.28044667Arroyo Grande  City of,35.0952135,-120.5816419,16901,328722542.5,19449.88714,Aug,14,28%,-2.646418124,-2.28044667Arroyo Grande  City of,35.0952135,-120.5816419,16901,234854679.5,13895.90436,Nov,14,28%,-2.646418124,-2.28044667Arroyo Grande  City of,35.0952135,-120.5816419,16901,334026508.5,19763.71271,Jun,14,28%,-2.646418124,-2.28044667Arroyo Grande  City of,35.0952135,-120.5816419,17121,253356886.4,14798.01918,Jun,15,28%,-2.646418124,-2.28044667Arroyo Grande  City of,35.0952135,-120.5816419,17121,269885524.6,15763.42063,May,15,28%,-2.646418124,-2.28044667Arroyo Grande  City of,35.0952135,-120.5816419,16901,342414175.6,20259.99501,Jul,14,28%,-2.646418124,-2.28044667Arroyo Grande  City of,35.0952135,-120.5816419,17003,184652024.8,10859.96735,Dec,14,28%,-2.646418124,-2.28044667Arvin Community Services District,36.778261,-119.4179324,20499,296068470.5,14443.06896,Jul,15,28%,-2.515306782,-2.230197237Arvin Community Services District,36.778261,-119.4179324,20499,257294490,12551.563,Jun,15,28%,-2.515306782,-2.230197237Arvin Community Services District,36.778261,-119.4179324,20499,255541844,12466.0639,May,15,28%,-2.515306782,-2.230197237Arvin Community Services District,36.778261,-119.4179324,20499,258645882.2,12617.48779,Apr,15,28%,-2.515306782,-2.230197237Arvin Community Services District,36.778261,-119.4179324,19960,223486970.6,11196.74201,Mar,15,28%,-2.515306782,-2.230197237Arvin Community Services District,36.778261,-119.4179324,19960,182797571.3,9158.194954,Feb,15,28%,-2.515306782,-2.230197237Arvin Community Services District,36.778261,-119.4179324,19960,183327529,9184.745944,Jan,15,28%,-2.515306782,-2.230197237Arvin Community Services District,36.778261,-119.4179324,19960,184273882.2,9232.158425,Dec,14,28%,-2.515306782,-2.230197237Arvin Community Services District,36.778261,-119.4179324,19960,209863270.9,10514.19193,Nov,14,28%,-2.515306782,-2.230197237Arvin Community Services District,36.778261,-119.4179324,19960,265963084.7,13324.80384,Oct,14,28%,-2.515306782,-2.230197237Arvin Community Services District,36.778261,-119.4179324,19960,405606953,20320.98963,Jun,14,28%,-2.515306782,-2.230197237Arvin Community Services District,36.778261,-119.4179324,19960,314037823.8,15733.35791,Sep,14,28%,-2.515306782,-2.230197237Arvin Community Services District,36.778261,-119.4179324,19960,379828293.7,19029.47363,Aug,14,28%,-2.515306782,-2.230197237Arvin Community Services District,36.778261,-119.4179324,20499,287729206.7,14036.25576,Aug,15,28%,-2.515306782,-2.230197237Arvin Community Services District,36.778261,-119.4179324,19960,405001287,20290.64564,Jul,14,28%,-2.515306782,-2.230197237Atascadero Mutual Water Company,36.778261,-119.4179324,31379,584202716.4,18617.63333,Aug,15,28%,-2.515306782,-2.230197237Atascadero Mutual Water Company,36.778261,-119.4179324,31349,559181139.6,17837.28794,Jul,15,28%,-2.515306782,-2.230197237Atascadero Mutual Water Company,36.778261,-119.4179324,31308,571067334.9,18240.30072,Jun,15,28%,-2.515306782,-2.230197237Atascadero Mutual Water Company,36.778261,-119.4179324,30009,401253728.6,13371.11295,Nov,14,28%,-2.515306782,-2.230197237Atascadero Mutual Water Company,36.778261,-119.4179324,31192,460873976,14775.39036,Apr,15,28%,-2.515306782,-2.230197237Atascadero Mutual Water Company,36.778261,-119.4179324,31169,405455536.5,13008.29467,Mar,15,28%,-2.515306782,-2.230197237Atascadero Mutual Water Company,36.778261,-119.4179324,30009,287691352.6,9586.835703,Feb,15,28%,-2.515306782,-2.230197237Atascadero Mutual Water Company,36.778261,-119.4179324,31000,502210680.9,16200.34455,May,15,28%,-2.515306782,-2.230197237Atascadero Mutual Water Company,36.778261,-119.4179324,30009,295262177.7,9839.120853,Dec,14,28%,-2.515306782,-2.230197237Atascadero Mutual Water Company,36.778261,-119.4179324,30009,586738942.8,19552.09913,Oct,14,28%,-2.515306782,-2.230197237Atascadero Mutual Water Company,36.778261,-119.4179324,30009,658661781,21948.80806,Sep,14,28%,-2.515306782,-2.230197237Atascadero Mutual Water Company,36.778261,-119.4179324,30009,264978877.4,8829.980253,Jan,15,28%,-2.515306782,-2.230197237Atascadero Mutual Water Company,36.778261,-119.4179324,30009,752918553.1,25089.75817,Jul,14,28%,-2.515306782,-2.230197237Atascadero Mutual Water Company,36.778261,-119.4179324,30009,753297094.3,25102.37243,Jun,14,28%,-2.515306782,-2.230197237Atwater  City of,37.3442019,-120.599126,29500,1298396499,44013.44065,Aug,14,36%,-2.467515745,-1.999312241Atwater  City of,37.3442019,-120.599126,29500,923262117.1,31297.02092,Aug,15,36%,-2.467515745,-1.999312241Atwater  City of,37.3442019,-120.599126,29500,852474902.7,28897.45433,Jul,15,36%,-2.467515745,-1.999312241Atwater  City of,37.3442019,-120.599126,29500,984623654.3,33377.07303,Jun,15,36%,-2.467515745,-1.999312241Atwater  City of,37.3442019,-120.599126,29500,726799206.6,24637.26124,May,15,36%,-2.467515745,-1.999312241Atwater  City of,37.3442019,-120.599126,29500,784915558.8,26607.30708,Apr,15,36%,-2.467515745,-1.999312241Atwater  City of,37.3442019,-120.599126,29500,623606968.2,21139.21926,Mar,15,36%,-2.467515745,-1.999312241Atwater  City of,37.3442019,-120.599126,29500,404957754.8,13727.38152,Feb,15,36%,-2.467515745,-1.999312241Atwater  City of,37.3442019,-120.599126,29500,166543009.9,5645.525758,Jan,15,36%,-2.467515745,-1.999312241Atwater  City of,37.3442019,-120.599126,29500,470072528.5,15934.66198,Dec,14,36%,-2.467515745,-1.999312241Atwater  City of,37.3442019,-120.599126,29500,572430083.4,19404.40961,Nov,14,36%,-2.467515745,-1.999312241Atwater  City of,37.3442019,-120.599126,29500,843427766.8,28590.77175,Oct,14,36%,-2.467515745,-1.999312241Atwater  City of,37.3442019,-120.599126,28000,1328679800,47452.84998,Jul,14,36%,-2.467515745,-1.999312241Atwater  City of,37.3442019,-120.599126,28000,1408173463,50291.90938,Jun,14,36%,-2.467515745,-1.999312241Atwater  City of,37.3442019,-120.599126,29500,974970852.3,33049.8594,Sep,14,36%,-2.467515745,-1.999312241Azusa  City of,34.1344168,-117.8791415,110000,1505208001,13683.7091,Feb,15,20%,-2.430121793,-2.003775576Azusa  City of,34.1344168,-117.8791415,110000,1793105265,16300.95695,Mar,15,20%,-2.430121793,-2.003775576Azusa  City of,34.1344168,-117.8791415,110000,2130969808,19372.4528,Oct,14,20%,-2.430121793,-2.003775576Azusa  City of,34.1344168,-117.8791415,110000,1593321094,14484.73722,Jan,15,20%,-2.430121793,-2.003775576Azusa  City of,34.1344168,-117.8791415,110000,1787626334,16251.14849,Apr,15,20%,-2.430121793,-2.003775576Azusa  City of,34.1344168,-117.8791415,110000,1817495707,16522.68825,Nov,14,20%,-2.430121793,-2.003775576Azusa  City of,34.1344168,-117.8791415,110000,2037445740,18522.234,Aug,15,20%,-2.430121793,-2.003775576Azusa  City of,34.1344168,-117.8791415,110000,2198121391,19982.92173,Sep,14,20%,-2.430121793,-2.003775576Azusa  City of,34.1344168,-117.8791415,110000,1417131717,12883.01561,Dec,14,20%,-2.430121793,-2.003775576Azusa  City of,34.1344168,-117.8791415,110000,2309551792,20995.92538,Aug,14,20%,-2.430121793,-2.003775576Azusa  City of,34.1344168,-117.8791415,110000,2314566358,21041.51235,Jun,14,20%,-2.430121793,-2.003775576Azusa  City of,34.1344168,-117.8791415,110000,1907191602,17338.10548,Jul,15,20%,-2.430121793,-2.003775576Azusa  City of,34.1344168,-117.8791415,110000,1713934013,15581.2183,May,15,20%,-2.430121793,-2.003775576Azusa  City of,34.1344168,-117.8791415,110000,1861938752,16926.71593,Jun,15,20%,-2.430121793,-2.003775576Azusa  City of,34.1344168,-117.8791415,110000,2393171313,21756.10284,Jul,14,20%,-2.430121793,-2.003775576Bakersfield  City of,35.3683434,-119.0060412,143158,4769492437,33316.28297,Aug,15,36%,-2.494305834,-2.007039449Bakersfield  City of,35.3683434,-119.0060412,141581,4797379768,33884.34725,Jul,15,36%,-2.494305834,-2.007039449Bakersfield  City of,35.3683434,-119.0060412,142827,3898990915,27298.69643,Jun,15,36%,-2.494305834,-2.007039449Bakersfield  City of,35.3683434,-119.0060412,142370,3388561301,23801.09083,Apr,15,36%,-2.494305834,-2.007039449Bakersfield  City of,35.3683434,-119.0060412,142035,2168014173,15263.9432,Mar,15,36%,-2.494305834,-2.007039449Bakersfield  City of,35.3683434,-119.0060412,141581,1888121527,13335.98101,Feb,15,36%,-2.494305834,-2.007039449Bakersfield  City of,35.3683434,-119.0060412,142387,3654404100,25665.29318,May,15,36%,-2.494305834,-2.007039449Bakersfield  City of,35.3683434,-119.0060412,141030,2232124737,15827.30438,Jan,15,36%,-2.494305834,-2.007039449Bakersfield  City of,35.3683434,-119.0060412,140922,3052792060,21662.9913,Dec,14,36%,-2.494305834,-2.007039449Bakersfield  City of,35.3683434,-119.0060412,140644,3843960935,27331.14057,Nov,14,36%,-2.494305834,-2.007039449Bakersfield  City of,35.3683434,-119.0060412,139960,5463241116,39034.30348,Jun,14,36%,-2.494305834,-2.007039449Bakersfield  City of,35.3683434,-119.0060412,140049,6180723332,44132.5774,Sep,14,36%,-2.494305834,-2.007039449Bakersfield  City of,35.3683434,-119.0060412,140596,6342239935,45109.67549,Aug,14,36%,-2.494305834,-2.007039449Bakersfield  City of,35.3683434,-119.0060412,139960,6582927789,47034.35117,Jul,14,36%,-2.494305834,-2.007039449Bakersfield  City of,35.3683434,-119.0060412,140614,5082994852,36148.56879,Oct,14,36%,-2.494305834,-2.007039449Bakman Water Company,36.778261,-119.4179324,13960,401314776,28747.47679,Mar,15,36%,-2.515306782,-2.230197237Bakman Water Company,36.778261,-119.4179324,13960,346719686.4,24836.65375,May,15,36%,-2.515306782,-2.230197237Bakman Water Company,36.778261,-119.4179324,13960,289828289.9,20761.33882,Apr,15,36%,-2.515306782,-2.230197237Bakman Water Company,36.778261,-119.4179324,13960,174895291.7,12528.31602,Jan,15,36%,-2.515306782,-2.230197237Bakman Water Company,36.778261,-119.4179324,13960,236597008.8,16948.2098,Dec,14,36%,-2.515306782,-2.230197237Bakman Water Company,36.778261,-119.4179324,13960,597350099.6,42790.12174,Jun,14,36%,-2.515306782,-2.230197237Bakman Water Company,36.778261,-119.4179324,13960,212293433.8,15207.26603,Feb,15,36%,-2.515306782,-2.230197237Bakman Water Company,36.778261,-119.4179324,13960,431543623.1,30912.86698,Jun,15,36%,-2.515306782,-2.230197237Bakman Water Company,36.778261,-119.4179324,13960,467688884.5,33502.06909,Sep,14,36%,-2.515306782,-2.230197237Bakman Water Company,36.778261,-119.4179324,13960,201615087.9,14442.34154,Nov,14,36%,-2.515306782,-2.230197237Bakman Water Company,36.778261,-119.4179324,13960,395792135.4,28351.87217,Oct,14,36%,-2.515306782,-2.230197237Bakman Water Company,36.778261,-119.4179324,16756,429496521.2,25632.4016,Aug,15,36%,-2.515306782,-2.230197237Bakman Water Company,36.778261,-119.4179324,13960,442751798.1,31715.74485,Jul,15,36%,-2.515306782,-2.230197237Bakman Water Company,36.778261,-119.4179324,13960,548444728.4,39286.87166,Jul,14,36%,-2.515306782,-2.230197237Bakman Water Company,36.778261,-119.4179324,13960,546589875.2,39154.00252,Aug,14,36%,-2.515306782,-2.230197237Banning  City of,33.916774,-116.9814616,30325,661145526.4,21801.99592,Mar,15,32%,-2.072091137,-1.68009949Banning  City of,33.916774,-116.9814616,29603,1217691910,41134.0712,Jul,14,32%,-2.072091137,-1.68009949Banning  City of,33.916774,-116.9814616,30325,710484744.8,23429.01055,Apr,15,32%,-2.072091137,-1.68009949Banning  City of,33.916774,-116.9814616,29603,1162431985,39267.37105,Jun,14,32%,-2.072091137,-1.68009949Banning  City of,33.916774,-116.9814616,30325,791894455.1,26113.58467,Jul,15,32%,-2.072091137,-1.68009949Banning  City of,33.916774,-116.9814616,30325,856035439,28228.70368,Jun,15,32%,-2.072091137,-1.68009949Banning  City of,33.916774,-116.9814616,30325,626608073.5,20663.08569,May,15,32%,-2.072091137,-1.68009949Banning  City of,33.916774,-116.9814616,30325,896740294.2,29570.99074,Aug,15,32%,-2.072091137,-1.68009949Banning  City of,33.916774,-116.9814616,30325,1225055788,40397.55278,Aug,14,32%,-2.072091137,-1.68009949Banning  City of,33.916774,-116.9814616,30325,1020088340,33638.52729,Sep,14,32%,-2.072091137,-1.68009949Banning  City of,33.916774,-116.9814616,30325,556299687.3,18344.58985,Feb,15,32%,-2.072091137,-1.68009949Banning  City of,33.916774,-116.9814616,30325,535330519.5,17653.10864,Jan,15,32%,-2.072091137,-1.68009949Banning  City of,33.916774,-116.9814616,30325,446519926.4,14724.48232,Dec,14,32%,-2.072091137,-1.68009949Banning  City of,33.916774,-116.9814616,30325,900440735.6,29693.01684,Oct,14,32%,-2.072091137,-1.68009949Banning  City of,33.916774,-116.9814616,30325,696916459.7,22981.58152,Nov,14,32%,-2.072091137,-1.68009949Beaumont-Cherry Valley Water District,36.778261,-119.4179324,43111,1323154489,30691.80694,Aug,15,36%,-2.515306782,-2.230197237Beaumont-Cherry Valley Water District,36.778261,-119.4179324,43111,1333639073,30935.00668,Jun,15,36%,-2.515306782,-2.230197237Beaumont-Cherry Valley Water District,36.778261,-119.4179324,43111,978433705,22695.68567,May,15,36%,-2.515306782,-2.230197237Beaumont-Cherry Valley Water District,36.778261,-119.4179324,43111,1136676913,26366.28501,Apr,15,36%,-2.515306782,-2.230197237Beaumont-Cherry Valley Water District,36.778261,-119.4179324,43111,1343099868,31154.45868,Jul,15,36%,-2.515306782,-2.230197237Beaumont-Cherry Valley Water District,36.778261,-119.4179324,42353,784814277.3,18530.31137,Jan,15,36%,-2.515306782,-2.230197237Beaumont-Cherry Valley Water District,36.778261,-119.4179324,42353,676181653.2,15965.37797,Dec,14,36%,-2.515306782,-2.230197237Beaumont-Cherry Valley Water District,36.778261,-119.4179324,43111,1026588782,23812.68776,Mar,15,36%,-2.515306782,-2.230197237Beaumont-Cherry Valley Water District,36.778261,-119.4179324,42353,1472035581,34756.34738,Oct,14,36%,-2.515306782,-2.230197237Beaumont-Cherry Valley Water District,36.778261,-119.4179324,42353,1517180965,35822.2786,Sep,14,36%,-2.515306782,-2.230197237Beaumont-Cherry Valley Water District,36.778261,-119.4179324,42353,1624123721,38347.31238,Aug,14,36%,-2.515306782,-2.230197237Beaumont-Cherry Valley Water District,36.778261,-119.4179324,42353,1109281312,26191.32794,Nov,14,36%,-2.515306782,-2.230197237Beaumont-Cherry Valley Water District,36.778261,-119.4179324,42353,1887718496,44571.06924,Jun,14,36%,-2.515306782,-2.230197237Beaumont-Cherry Valley Water District,36.778261,-119.4179324,42353,841776404.9,19875.24862,Feb,15,36%,-2.515306782,-2.230197237Beaumont-Cherry Valley Water District,36.778261,-119.4179324,42353,1970238338,46519.45171,Jul,14,36%,-2.515306782,-2.230197237Bella Vista Water District,36.778261,-119.4179324,16500,541497921.8,32818.05587,Mar,15,36%,-2.515306782,-2.230197237Bella Vista Water District,36.778261,-119.4179324,17619,1232246979,69938.53109,Jul,15,36%,-2.515306782,-2.230197237Bella Vista Water District,36.778261,-119.4179324,17619,1155771191,65598.00163,Jun,15,36%,-2.515306782,-2.230197237Bella Vista Water District,36.778261,-119.4179324,17619,886872450.5,50336.13999,May,15,36%,-2.515306782,-2.230197237Bella Vista Water District,36.778261,-119.4179324,17619,1224846096,69518.47985,Aug,15,36%,-2.515306782,-2.230197237Bella Vista Water District,36.778261,-119.4179324,16500,262731337.9,15923.11139,Feb,15,36%,-2.515306782,-2.230197237Bella Vista Water District,36.778261,-119.4179324,16500,289867908,17567.752,Jan,15,36%,-2.515306782,-2.230197237Bella Vista Water District,36.778261,-119.4179324,16500,280000064.4,16969.70087,Dec,14,36%,-2.515306782,-2.230197237Bella Vista Water District,36.778261,-119.4179324,17619,511894390.8,29053.54395,Apr,15,36%,-2.515306782,-2.230197237Bella Vista Water District,36.778261,-119.4179324,16500,310837075.8,18838.61066,Nov,14,36%,-2.515306782,-2.230197237Bella Vista Water District,36.778261,-119.4179324,16500,620440671.2,37602.46492,Oct,14,36%,-2.515306782,-2.230197237Bella Vista Water District,36.778261,-119.4179324,16500,1060793195,64290.49669,Sep,14,36%,-2.515306782,-2.230197237Bella Vista Water District,36.778261,-119.4179324,16500,1361762428,82531.05621,Aug,14,36%,-2.515306782,-2.230197237Bella Vista Water District,36.778261,-119.4179324,16500,1494978317,90604.74649,Jul,14,36%,-2.515306782,-2.230197237Bella Vista Water District,36.778261,-119.4179324,16500,1377797673,83502.8893,Jun,14,36%,-2.515306782,-2.230197237Bellflower-Somerset Mutual Water Company,36.778261,-119.4179324,46300,515471484.1,11133.29339,Jul,15,20%,-2.515306782,-2.230197237Bellflower-Somerset Mutual Water Company,36.778261,-119.4179324,46300,521429194.7,11261.96965,Aug,15,20%,-2.515306782,-2.230197237Bellflower-Somerset Mutual Water Company,36.778261,-119.4179324,46300,506232715.5,10933.75195,Mar,15,20%,-2.515306782,-2.230197237Bellflower-Somerset Mutual Water Company,36.778261,-119.4179324,46300,500065313.2,10800.54672,Jun,15,20%,-2.515306782,-2.230197237Bellflower-Somerset Mutual Water Company,36.778261,-119.4179324,46300,505036239.4,10907.91014,Nov,14,20%,-2.515306782,-2.230197237Bellflower-Somerset Mutual Water Company,36.778261,-119.4179324,46300,484301432.9,10460.07414,Apr,15,20%,-2.515306782,-2.230197237Bellflower-Somerset Mutual Water Company,36.778261,-119.4179324,46300,576664449.7,12454.95572,Sep,14,20%,-2.515306782,-2.230197237Bellflower-Somerset Mutual Water Company,36.778261,-119.4179324,46300,595006304.2,12851.10808,Jun,14,20%,-2.515306782,-2.230197237Bellflower-Somerset Mutual Water Company,36.778261,-119.4179324,46300,626040672.5,13521.39681,Jul,14,20%,-2.515306782,-2.230197237Bellflower-Somerset Mutual Water Company,36.778261,-119.4179324,46300,555004532.8,11987.13894,Oct,14,20%,-2.515306782,-2.230197237Bellflower-Somerset Mutual Water Company,36.778261,-119.4179324,46300,599335820.6,12944.61815,Aug,14,20%,-2.515306782,-2.230197237Bellflower-Somerset Mutual Water Company,36.778261,-119.4179324,46300,481390419,10397.20127,May,15,20%,-2.515306782,-2.230197237Bellflower-Somerset Mutual Water Company,36.778261,-119.4179324,46300,440512876.6,9514.316989,Feb,15,20%,-2.515306782,-2.230197237Bellflower-Somerset Mutual Water Company,36.778261,-119.4179324,46300,435504945.9,9406.154339,Dec,14,20%,-2.515306782,-2.230197237Bellflower-Somerset Mutual Water Company,36.778261,-119.4179324,46300,468599226.6,10120.93362,Jan,15,20%,-2.515306782,-2.230197237Benicia  City of,38.086214,-122.139308,28086,709251264.3,25252.84,Jun,14,20%,-1.875231267,-1.166200225Benicia  City of,38.086214,-122.139308,28086,331066155.4,11787.58653,Feb,15,20%,-1.875231267,-1.166200225Benicia  City of,38.086214,-122.139308,28086,510167518.1,18164.47761,Jun,15,20%,-1.875231267,-1.166200225Benicia  City of,38.086214,-122.139308,28086,532370166.4,18955.0013,Aug,15,20%,-1.875231267,-1.166200225Benicia  City of,38.086214,-122.139308,28086,687048616.1,24462.31632,Jul,14,20%,-1.875231267,-1.166200225Benicia  City of,38.086214,-122.139308,28086,532246818.4,18950.6095,Jul,15,20%,-1.875231267,-1.166200225Benicia  City of,38.086214,-122.139308,28086,635242436.7,22617.76105,Aug,14,20%,-1.875231267,-1.166200225Benicia  City of,38.086214,-122.139308,28086,353392151.7,12582.50202,Dec,14,20%,-1.875231267,-1.166200225Benicia  City of,38.086214,-122.139308,28086,425550758.6,15151.704,Mar,15,20%,-1.875231267,-1.166200225Benicia  City of,38.086214,-122.139308,28086,589850355.8,21001.57929,Sep,14,20%,-1.875231267,-1.166200225Benicia  City of,38.086214,-122.139308,28086,380898766,13561.87303,Jan,15,20%,-1.875231267,-1.166200225Benicia  City of,38.086214,-122.139308,28086,395700531.5,14088.88882,Nov,14,20%,-1.875231267,-1.166200225Benicia  City of,38.086214,-122.139308,28086,433074989.4,15419.6037,Apr,15,20%,-1.875231267,-1.166200225Benicia  City of,38.086214,-122.139308,28086,496599233.1,17681.3798,May,15,20%,-1.875231267,-1.166200225Benicia  City of,38.086214,-122.139308,28086,525586023.9,18713.45239,Oct,14,20%,-1.875231267,-1.166200225Beverly Hills  City of,37.720716,-122.471936,42157,1123083959,26640.50949,Nov,14,32%,-1.920734758,-1.378252674Beverly Hills  City of,37.720716,-122.471936,42157,869727072.1,20630.66803,Dec,14,32%,-1.920734758,-1.378252674Beverly Hills  City of,37.720716,-122.471936,42157,994185250.5,23582.92218,Jan,15,32%,-1.920734758,-1.378252674Beverly Hills  City of,37.720716,-122.471936,42157,1038220503,24627.47593,Jun,15,32%,-1.920734758,-1.378252674Beverly Hills  City of,37.720716,-122.471936,42157,1072634608,25443.80786,May,15,32%,-1.920734758,-1.378252674Beverly Hills  City of,37.720716,-122.471936,42157,1204617017,28574.54318,Aug,15,32%,-1.920734758,-1.378252674Beverly Hills  City of,37.720716,-122.471936,42157,1145903347,27181.80485,Jul,15,32%,-1.920734758,-1.378252674Beverly Hills  City of,37.720716,-122.471936,42157,1105075144,26213.32504,Mar,15,32%,-1.920734758,-1.378252674Beverly Hills  City of,37.720716,-122.471936,42157,1493251445,35421.19801,Jul,14,32%,-1.920734758,-1.378252674Beverly Hills  City of,37.720716,-122.471936,42157,1372493708,32556.72148,Jun,14,32%,-1.920734758,-1.378252674Beverly Hills  City of,37.720716,-122.471936,42157,964581719.5,22880.70118,Feb,15,32%,-1.920734758,-1.378252674Beverly Hills  City of,37.720716,-122.471936,42157,1442678746,34221.57045,Aug,14,32%,-1.920734758,-1.378252674Beverly Hills  City of,37.720716,-122.471936,42157,1382731595,32799.57291,Sep,14,32%,-1.920734758,-1.378252674Beverly Hills  City of,37.720716,-122.471936,42157,1135788807,26941.87934,Apr,15,32%,-1.920734758,-1.378252674Beverly Hills  City of,37.720716,-122.471936,42157,1338572995,31752.09324,Oct,14,32%,-1.920734758,-1.378252674Big Bear City Community Services District,36.778261,-119.4179324,12411,133117211.2,10725.7442,Aug,15,16%,-2.515306782,-2.230197237Big Bear City Community Services District,36.778261,-119.4179324,12411,118697824.6,9563.921089,Jul,15,16%,-2.515306782,-2.230197237Big Bear City Community Services District,36.778261,-119.4179324,12411,116687251.5,9401.921802,Jun,15,16%,-2.515306782,-2.230197237Big Bear City Community Services District,36.778261,-119.4179324,12411,103674032.6,8353.398811,May,15,16%,-2.515306782,-2.230197237Big Bear City Community Services District,36.778261,-119.4179324,12413,89772707.86,7232.152409,Apr,15,16%,-2.515306782,-2.230197237Big Bear City Community Services District,36.778261,-119.4179324,12411,74810589.88,6027.764876,Mar,15,16%,-2.515306782,-2.230197237Big Bear City Community Services District,36.778261,-119.4179324,12411,67903099.31,5471.202909,Feb,15,16%,-2.515306782,-2.230197237Big Bear City Community Services District,36.778261,-119.4179324,12411,86726011.12,6987.83427,Jan,15,16%,-2.515306782,-2.230197237Big Bear City Community Services District,36.778261,-119.4179324,12411,77067859.12,6209.641376,Dec,14,16%,-2.515306782,-2.230197237Big Bear City Community Services District,36.778261,-119.4179324,12411,72442307.4,5836.943631,Nov,14,16%,-2.515306782,-2.230197237Big Bear City Community Services District,36.778261,-119.4179324,12411,108990333.4,8781.752753,Oct,14,16%,-2.515306782,-2.230197237Big Bear City Community Services District,36.778261,-119.4179324,12411,123237032.7,9929.66181,Sep,14,16%,-2.515306782,-2.230197237Big Bear City Community Services District,36.778261,-119.4179324,12411,132734832.3,10694.93452,Aug,14,16%,-2.515306782,-2.230197237Big Bear City Community Services District,36.778261,-119.4179324,12411,150805321,12150.94038,Jul,14,16%,-2.515306782,-2.230197237Big Bear City Community Services District,36.778261,-119.4179324,12411,152877568.2,12317.90897,Jun,14,16%,-2.515306782,-2.230197237Blythe  City of,33.6185324,-114.6024157,13839,344737519.5,24910.58021,May,15,32%,-1.691342916,-0.402643351Blythe  City of,33.6185324,-114.6024157,13839,216147055.7,15618.69035,Jan,15,32%,-1.691342916,-0.402643351Blythe  City of,33.6185324,-114.6024157,13839,384219372.2,27763.52137,Jul,15,32%,-1.691342916,-0.402643351Blythe  City of,33.6185324,-114.6024157,13839,258240843.1,18660.36875,Mar,15,32%,-1.691342916,-0.402643351Blythe  City of,33.6185324,-114.6024157,13839,504784761.4,36475.5229,Jun,14,32%,-1.691342916,-0.402643351Blythe  City of,33.6185324,-114.6024157,13839,401632269.9,29021.76963,Aug,15,32%,-1.691342916,-0.402643351Blythe  City of,33.6185324,-114.6024157,13839,366617203.9,26491.5965,Oct,14,32%,-1.691342916,-0.402643351Blythe  City of,33.6185324,-114.6024157,13839,385733537.2,27872.93426,Jun,15,32%,-1.691342916,-0.402643351Blythe  City of,33.6185324,-114.6024157,13839,221068092,15974.28225,Dec,14,32%,-1.691342916,-0.402643351Blythe  City of,33.6185324,-114.6024157,13839,220311009.5,15919.5758,Feb,15,32%,-1.691342916,-0.402643351Blythe  City of,33.6185324,-114.6024157,13839,377140650.8,27252.0161,Sep,14,32%,-1.691342916,-0.402643351Blythe  City of,33.6185324,-114.6024157,13839,408673137.2,29530.53958,Aug,14,32%,-1.691342916,-0.402643351Blythe  City of,33.6185324,-114.6024157,13839,277849280,20077.2657,Nov,14,32%,-1.691342916,-0.402643351Blythe  City of,33.6185324,-114.6024157,13839,307375497.8,22210.8171,Apr,15,32%,-1.691342916,-0.402643351Blythe  City of,33.6185324,-114.6024157,13839,479952455.2,34681.15147,Jul,14,32%,-1.691342916,-0.402643351Brawley  City of,36.8190113,-119.8625116,27743,819541813.7,29540.48999,Jul,14,32%,-2.634647825,-2.419735027Brawley  City of,36.8190113,-119.8625116,27743,515724603.7,18589.35961,Oct,14,32%,-2.634647825,-2.419735027Brawley  City of,36.8190113,-119.8625116,27743,255098950.7,9195.074458,Jan,15,32%,-2.634647825,-2.419735027Brawley  City of,36.8190113,-119.8625116,27743,640718925.5,23094.796,Aug,14,32%,-2.634647825,-2.419735027Brawley  City of,36.8190113,-119.8625116,27743,397392607.8,14324.06762,Nov,14,32%,-2.634647825,-2.419735027Brawley  City of,36.8190113,-119.8625116,27743,241357903.2,8699.776635,Dec,14,32%,-2.634647825,-2.419735027Brawley  City of,36.8190113,-119.8625116,27743,689626455.5,24857.67421,Jul,15,32%,-2.634647825,-2.419735027Brawley  City of,36.8190113,-119.8625116,27743,669033811.3,24115.4097,Jun,15,32%,-2.634647825,-2.419735027Brawley  City of,36.8190113,-119.8625116,27743,539913389.8,19461.24751,May,15,32%,-2.634647825,-2.419735027Brawley  City of,36.8190113,-119.8625116,27743,805384370.8,29030.18314,Jun,14,32%,-2.634647825,-2.419735027Brawley  City of,36.8190113,-119.8625116,27743,282694608.1,10189.76347,Feb,15,32%,-2.634647825,-2.419735027Brawley  City of,36.8190113,-119.8625116,27743,497062519.9,17916.6824,Apr,15,32%,-2.634647825,-2.419735027Brawley  City of,36.8190113,-119.8625116,27743,613161122.3,22101.47145,Sep,14,32%,-2.634647825,-2.419735027Brawley  City of,36.8190113,-119.8625116,27743,699165695.1,25201.51732,Aug,15,32%,-2.634647825,-2.419735027Brawley  City of,36.8190113,-119.8625116,27743,386679890.4,13937.92634,Mar,15,32%,-2.634647825,-2.419735027Brea  City of,33.9314078,-117.9482718,43328,935508585.1,21591.31705,May,15,24%,-2.492902989,-1.907688773Brea  City of,33.9314078,-117.9482718,42397,749956119.5,17688.8959,Dec,14,24%,-2.492902989,-1.907688773Brea  City of,33.9314078,-117.9482718,43328,1046879536,24161.73227,Jul,15,24%,-2.492902989,-1.907688773Brea  City of,33.9314078,-117.9482718,42397,851101517.2,20074.56936,Feb,15,24%,-2.492902989,-1.907688773Brea  City of,33.9314078,-117.9482718,42397,1453039982,34272.23581,Sep,14,24%,-2.492902989,-1.907688773Brea  City of,33.9314078,-117.9482718,42397,810396662,19114.48126,Jan,15,24%,-2.492902989,-1.907688773Brea  City of,33.9314078,-117.9482718,42397,927577305.7,21878.37125,Nov,14,24%,-2.492902989,-1.907688773Brea  City of,33.9314078,-117.9482718,42397,1090396726,25718.72364,Mar,15,24%,-2.492902989,-1.907688773Brea  City of,33.9314078,-117.9482718,42397,1309956248,30897.38067,Oct,14,24%,-2.492902989,-1.907688773Brea  City of,33.9314078,-117.9482718,43328,1120987042,25872.11599,Jun,15,24%,-2.492902989,-1.907688773Brea  City of,33.9314078,-117.9482718,43328,1139735945,26304.83624,Aug,15,24%,-2.492902989,-1.907688773Brea  City of,33.9314078,-117.9482718,42397,1111365894,26213.31448,Apr,15,24%,-2.492902989,-1.907688773Brea  City of,33.9314078,-117.9482718,41394,1462907825,35341.0597,Jul,14,24%,-2.492902989,-1.907688773Brea  City of,33.9314078,-117.9482718,41394,1418502529,34268.31252,Jun,14,24%,-2.492902989,-1.907688773Brea  City of,33.9314078,-117.9482718,40377,1340793260,33206.85687,Aug,14,24%,-2.492902989,-1.907688773Brentwood  City of,37.7335874,-122.4590888,54741,847780991.2,15487.13014,Mar,15,32%,-1.909407043,-1.358652699Brentwood  City of,37.7335874,-122.4590888,56493,1088116833,19261.09134,Jul,15,32%,-1.909407043,-1.358652699Brentwood  City of,37.7335874,-122.4590888,56493,997834744,17662.98026,Jun,15,32%,-1.909407043,-1.358652699Brentwood  City of,37.7335874,-122.4590888,56493,1011878625,17911.57532,May,15,32%,-1.909407043,-1.358652699Brentwood  City of,37.7335874,-122.4590888,54741,1601153794,29249.62631,Aug,14,32%,-1.909407043,-1.358652699Brentwood  City of,37.7335874,-122.4590888,51394,1758399830,34214.1073,Jul,14,32%,-1.909407043,-1.358652699Brentwood  City of,37.7335874,-122.4590888,54741,1685379223,30788.24323,Jun,14,32%,-1.909407043,-1.358652699Brentwood  City of,37.7335874,-122.4590888,56493,933910482.6,16531.43721,Apr,15,32%,-1.909407043,-1.358652699Brentwood  City of,37.7335874,-122.4590888,56493,1071271747,18962.91128,Aug,15,32%,-1.909407043,-1.358652699Brentwood  City of,37.7335874,-122.4590888,54741,537642142.2,9821.562307,Feb,15,32%,-1.909407043,-1.358652699Brentwood  City of,37.7335874,-122.4590888,54741,770410944.4,14073.74627,Nov,14,32%,-1.909407043,-1.358652699Brentwood  City of,37.7335874,-122.4590888,54741,503872477,9204.663361,Dec,14,32%,-1.909407043,-1.358652699Brentwood  City of,37.7335874,-122.4590888,54741,1414381539,25837.70007,Sep,14,32%,-1.909407043,-1.358652699Brentwood  City of,37.7335874,-122.4590888,54741,1230864740,22485.24396,Oct,14,32%,-1.909407043,-1.358652699Brentwood  City of,37.7335874,-122.4590888,54741,579243826,10581.53534,Jan,15,32%,-1.909407043,-1.358652699Buena Park  City of,37.1505365,-122.1262019,82364,1545551016,18764.88534,Oct,14,20%,-2.114484897,-1.835614524Buena Park  City of,37.1505365,-122.1262019,82767,1376564193,16631.80003,Jul,15,20%,-2.114484897,-1.835614524Buena Park  City of,37.1505365,-122.1262019,82767,1388898998,16780.8305,Jun,15,20%,-2.114484897,-1.835614524Buena Park  City of,37.1505365,-122.1262019,82767,1301321885,15722.71419,May,15,20%,-2.114484897,-1.835614524Buena Park  City of,37.1505365,-122.1262019,82364,1377797673,16728.15397,Apr,15,20%,-2.114484897,-1.835614524Buena Park  City of,37.1505365,-122.1262019,82364,1027489223,12474.97964,Dec,14,20%,-2.114484897,-1.835614524Buena Park  City of,37.1505365,-122.1262019,82364,1242114823,15080.79771,Nov,14,20%,-2.114484897,-1.835614524Buena Park  City of,37.1505365,-122.1262019,82364,1080528883,13118.94617,Jan,15,20%,-2.114484897,-1.835614524Buena Park  City of,37.1505365,-122.1262019,82364,1626960726,19753.29909,Sep,14,20%,-2.114484897,-1.835614524Buena Park  City of,37.1505365,-122.1262019,82364,1916828634,23272.65109,Jul,14,20%,-2.114484897,-1.835614524Buena Park  City of,37.1505365,-122.1262019,82364,1847753729,22433.997,Jun,14,20%,-2.114484897,-1.835614524Buena Park  City of,37.1505365,-122.1262019,82364,1317357131,15994.33164,Mar,15,20%,-2.114484897,-1.835614524Buena Park  City of,37.1505365,-122.1262019,82364,1038590547,12609.76333,Feb,15,20%,-2.114484897,-1.835614524Buena Park  City of,37.1505365,-122.1262019,82364,1703436515,20681.80898,Aug,14,20%,-2.114484897,-1.835614524Buena Park  City of,37.1505365,-122.1262019,82767,1503612680,18166.81383,Aug,15,20%,-2.114484897,-1.835614524Burbank  City of,34.1549604,-118.3360151,106084,1477709591,13929.61795,Jan,15,24%,-2.415219341,-1.973004617Burbank  City of,34.1549604,-118.3360151,105595,1649533419,15621.32126,Nov,14,24%,-2.415219341,-1.973004617Burbank  City of,34.1549604,-118.3360151,105595,1987507065,18821.98082,Oct,14,24%,-2.415219341,-1.973004617Burbank  City of,34.1549604,-118.3360151,106084,1546537800,14578.42653,Mar,15,24%,-2.415219341,-1.973004617Burbank  City of,34.1549604,-118.3360151,105595,2092846296,19819.55865,Sep,14,24%,-2.415219341,-1.973004617Burbank  City of,34.1549604,-118.3360151,106084,1630784516,15372.57754,Apr,15,24%,-2.415219341,-1.973004617Burbank  City of,34.1549604,-118.3360151,106084,1353251412,12756.4139,Feb,15,24%,-2.415219341,-1.973004617Burbank  City of,34.1549604,-118.3360151,105595,1337956255,12670.64023,Dec,14,24%,-2.415219341,-1.973004617Burbank  City of,34.1549604,-118.3360151,105595,2165251599,20505.2474,Jun,14,24%,-2.415219341,-1.973004617Burbank  City of,34.1549604,-118.3360151,106084,1647066458,15526.05914,Jul,15,24%,-2.415219341,-1.973004617Burbank  City of,34.1549604,-118.3360151,106084,1627947511,15345.83453,Jun,15,24%,-2.415219341,-1.973004617Burbank  City of,34.1549604,-118.3360151,105595,2174256006,20590.52044,Aug,14,24%,-2.415219341,-1.973004617Burbank  City of,34.1549604,-118.3360151,105595,2274414620,21539.03707,Jul,14,24%,-2.415219341,-1.973004617Burbank  City of,34.1549604,-118.3360151,106084,1625357202,15321.41701,May,15,24%,-2.415219341,-1.973004617Burbank  City of,34.1549604,-118.3360151,106084,1711454138,16133.0091,Aug,15,24%,-2.415219341,-1.973004617Burlingame  City of,37.5577356,-122.3174214,30282,343740324.5,11351.30852,Jan,15,16%,-2.180858372,-1.381890159Burlingame  City of,37.5577356,-122.3174214,30282,504486486.1,16659.61581,Aug,14,16%,-2.180858372,-1.381890159Burlingame  City of,37.5577356,-122.3174214,30282,543068656,17933.71164,Jul,14,16%,-2.180858372,-1.381890159Burlingame  City of,37.5577356,-122.3174214,30282,393246555.3,12986.14871,Jun,15,16%,-2.180858372,-1.381890159Burlingame  City of,37.5577356,-122.3174214,30282,471275419,15562.88947,Jun,14,16%,-2.180858372,-1.381890159Burlingame  City of,37.5577356,-122.3174214,30282,448566047.9,14812.95977,Sep,14,16%,-2.180858372,-1.381890159Burlingame  City of,37.5577356,-122.3174214,30282,418896143.4,13833.17295,Aug,15,16%,-2.180858372,-1.381890159Burlingame  City of,37.5577356,-122.3174214,30282,379140344.2,12520.32046,Mar,15,16%,-2.180858372,-1.381890159Burlingame  City of,37.5577356,-122.3174214,30282,410842477.6,13567.21741,Jul,15,16%,-2.180858372,-1.381890159Burlingame  City of,37.5577356,-122.3174214,30282,405090766.6,13377.27913,May,15,16%,-2.180858372,-1.381890159Burlingame  City of,37.5577356,-122.3174214,30282,439780631.6,14522.83969,Oct,14,16%,-2.180858372,-1.381890159Burlingame  City of,37.5577356,-122.3174214,30282,345308991.9,11403.11049,Nov,14,16%,-2.180858372,-1.381890159Burlingame  City of,37.5577356,-122.3174214,30282,319213387.5,10541.35749,Feb,15,16%,-2.180858372,-1.381890159Burlingame  City of,37.5577356,-122.3174214,30282,312455040.7,10318.17716,Dec,14,16%,-2.180858372,-1.381890159Burlingame  City of,37.5577356,-122.3174214,30282,373578055.2,12336.63745,Apr,15,16%,-2.180858372,-1.381890159Calaveras County Water District,38.2611957,-120.3176838,31750,305728843.3,9629.254908,Dec,14,16%,-2.369646108,-2.057638414Calaveras County Water District,38.2611957,-120.3176838,31750,300364913.8,9460.312245,Jan,15,16%,-2.369646108,-2.057638414Calaveras County Water District,38.2611957,-120.3176838,31750,347334312.5,10939.66339,Mar,15,16%,-2.369646108,-2.057638414Calaveras County Water District,38.2611957,-120.3176838,48630,708651938.9,14572.32036,Aug,14,16%,-2.369646108,-2.057638414Calaveras County Water District,38.2611957,-120.3176838,31750,272061384.2,8568.862496,Feb,15,16%,-2.369646108,-2.057638414Calaveras County Water District,38.2611957,-120.3176838,31750,370353406.1,11664.67421,Apr,15,16%,-2.369646108,-2.057638414Calaveras County Water District,38.2611957,-120.3176838,48630,587882137.4,12088.87801,Jul,15,16%,-2.369646108,-2.057638414Calaveras County Water District,38.2611957,-120.3176838,48630,750987992.7,15442.89518,Jul,14,16%,-2.369646108,-2.057638414Calaveras County Water District,38.2611957,-120.3176838,31750,522345290.2,16451.82016,Oct,14,16%,-2.369646108,-2.057638414Calaveras County Water District,38.2611957,-120.3176838,31750,435511712.1,13716.90432,May,15,16%,-2.369646108,-2.057638414Calaveras County Water District,38.2611957,-120.3176838,48630,600305861.3,12344.35248,Aug,15,16%,-2.369646108,-2.057638414Calaveras County Water District,38.2611957,-120.3176838,48630,714250564,14687.44734,Jun,14,16%,-2.369646108,-2.057638414Calaveras County Water District,38.2611957,-120.3176838,48630,606706993.9,12475.98178,Sep,14,16%,-2.369646108,-2.057638414Calaveras County Water District,38.2611957,-120.3176838,48630,495143315.7,10181.84898,Jun,15,16%,-2.369646108,-2.057638414Calaveras County Water District,38.2611957,-120.3176838,31750,350419423.7,11036.83224,Nov,14,16%,-2.369646108,-2.057638414Calexico  City of,32.6886279,-115.5009205,41033,690572808.6,16829.69338,Jul,15,20%,-2.036386216,-0.358683059Calexico  City of,32.6886279,-115.5009205,40516,458375603.8,11313.44663,Dec,14,20%,-2.036386216,-0.358683059Calexico  City of,32.6886279,-115.5009205,41033,736981966.3,17960.71373,Aug,15,20%,-2.036386216,-0.358683059Calexico  City of,32.6886279,-115.5009205,40516,480330996.5,11855.34101,Jan,15,20%,-2.036386216,-0.358683059Calexico  City of,32.6886279,-115.5009205,40516,505352573.3,12472.91375,Feb,15,20%,-2.036386216,-0.358683059Calexico  City of,32.6886279,-115.5009205,41033,630081916.3,15355.49232,May,15,20%,-2.036386216,-0.358683059Calexico  City of,32.6886279,-115.5009205,40516,556493496.7,13735.15393,Nov,14,20%,-2.036386216,-0.358683059Calexico  City of,32.6886279,-115.5009205,40516,507093863.1,12515.89158,Mar,15,20%,-2.036386216,-0.358683059Calexico  City of,32.6886279,-115.5009205,40516,636100722.3,15699.98821,Sep,14,20%,-2.036386216,-0.358683059Calexico  City of,32.6886279,-115.5009205,41033,673273473.3,16408.09771,Jun,15,20%,-2.036386216,-0.358683059Calexico  City of,32.6886279,-115.5009205,41033,594839725.6,14496.61798,Apr,15,20%,-2.036386216,-0.358683059Calexico  City of,32.6886279,-115.5009205,40516,734899989.4,18138.51292,Jun,14,20%,-2.036386216,-0.358683059Calexico  City of,32.6886279,-115.5009205,40516,671305058.8,16568.88782,Aug,14,20%,-2.036386216,-0.358683059Calexico  City of,32.6886279,-115.5009205,40516,801447541.8,19781.01347,Jul,14,20%,-2.036386216,-0.358683059Calexico  City of,32.6886279,-115.5009205,40516,608845752,15027.29174,Oct,14,20%,-2.036386216,-0.358683059California City  City of,35.125801,-117.985904,14120,212405335.2,15042.87076,Feb,15,36%,-2.142533561,-1.609355416California City  City of,35.125801,-117.985904,14120,359682902,25473.29335,Sep,14,36%,-2.142533561,-1.609355416California City  City of,35.125801,-117.985904,14120,387559560.4,27447.56094,May,15,36%,-2.142533561,-1.609355416California City  City of,35.125801,-117.985904,14120,515594832.2,36515.21474,Jun,14,36%,-2.142533561,-1.609355416California City  City of,35.125801,-117.985904,14120,377445020.7,26731.23376,Apr,15,36%,-2.142533561,-1.609355416California City  City of,35.125801,-117.985904,14120,502889983.4,35615.43792,Jul,15,36%,-2.142533561,-1.609355416California City  City of,35.125801,-117.985904,14120,495119056.5,35065.08899,Jun,15,36%,-2.142533561,-1.609355416California City  City of,35.125801,-117.985904,14120,547912020.2,38803.96744,Aug,15,36%,-2.142533561,-1.609355416California City  City of,35.125801,-117.985904,14120,315400953.5,22337.17801,Nov,14,36%,-2.142533561,-1.609355416California City  City of,35.125801,-117.985904,14120,424650317.9,30074.38512,Mar,15,36%,-2.142533561,-1.609355416California City  City of,35.125801,-117.985904,14120,240281993.5,17017.13835,Jan,15,36%,-2.142533561,-1.609355416California City  City of,35.125801,-117.985904,14120,455894377.9,32287.13725,Aug,14,36%,-2.142533561,-1.609355416California City  City of,35.125801,-117.985904,14120,557163123.6,39459.14473,Jul,14,36%,-2.142533561,-1.609355416California City  City of,35.125801,-117.985904,14120,419136660.2,29683.89945,Oct,14,36%,-2.142533561,-1.609355416California City  City of,35.125801,-117.985904,14120,235471419.8,16676.44616,Dec,14,36%,-2.142533561,-1.609355416California Water Service Company Antelope Valley,36.778261,-119.4179324,3391,71665214.71,21133.94713,Apr,15,36%,-2.515306782,-2.230197237California Water Service Company Antelope Valley,36.778261,-119.4179324,3395,122114565.5,35968.94419,Sep,14,36%,-2.515306782,-2.230197237California Water Service Company Antelope Valley,36.778261,-119.4179324,3385,92511034.48,27329.69999,Oct,14,36%,-2.515306782,-2.230197237California Water Service Company Antelope Valley,36.778261,-119.4179324,3391,84616759.54,24953.33516,Aug,15,36%,-2.515306782,-2.230197237California Water Service Company Antelope Valley,36.778261,-119.4179324,3387,57726885.51,17043.66268,Mar,15,36%,-2.515306782,-2.230197237California Water Service Company Antelope Valley,36.778261,-119.4179324,3395,66977988.96,19728.4209,May,15,36%,-2.515306782,-2.230197237California Water Service Company Antelope Valley,36.778261,-119.4179324,3393,68581513.56,20212.64767,Jun,15,36%,-2.515306782,-2.230197237California Water Service Company Antelope Valley,36.778261,-119.4179324,3385,56000012.87,16543.5784,Nov,14,36%,-2.515306782,-2.230197237California Water Service Company Antelope Valley,36.778261,-119.4179324,3385,76845832.64,22701.87079,Jul,15,36%,-2.515306782,-2.230197237California Water Service Company Antelope Valley,36.778261,-119.4179324,3387,45392080.92,13401.85442,Dec,14,36%,-2.515306782,-2.230197237California Water Service Company Antelope Valley,36.778261,-119.4179324,3424,134696066.2,39338.80438,Jun,14,36%,-2.515306782,-2.230197237California Water Service Company Antelope Valley,36.778261,-119.4179324,3424,138149811.5,40347.49167,Jul,14,36%,-2.515306782,-2.230197237California Water Service Company Antelope Valley,36.778261,-119.4179324,3389,38854634.48,11464.92608,Feb,15,36%,-2.515306782,-2.230197237California Water Service Company Antelope Valley,36.778261,-119.4179324,3393,37991198.16,11196.93432,Jan,15,36%,-2.515306782,-2.230197237California Water Service Company Antelope Valley,36.778261,-119.4179324,3424,124951570.6,36492.86524,Aug,14,36%,-2.515306782,-2.230197237California Water Service Company Bakersfield,36.778261,-119.4179324,276806,7754891650,28015.61978,Oct,14,32%,-2.515306782,-2.230197237California Water Service Company Bakersfield,36.778261,-119.4179324,277115,8876125388,32030.47611,Sep,14,32%,-2.515306782,-2.230197237California Water Service Company Bakersfield,36.778261,-119.4179324,276904,4852512128,17524.16768,Nov,14,32%,-2.515306782,-2.230197237California Water Service Company Bakersfield,36.778261,-119.4179324,276770,4195067043,15157.23179,Dec,14,32%,-2.515306782,-2.230197237California Water Service Company Bakersfield,36.778261,-119.4179324,278409,6968301161,25029.00826,Jun,15,32%,-2.515306782,-2.230197237California Water Service Company Bakersfield,36.778261,-119.4179324,277427,3574626372,12884.92602,Feb,15,32%,-2.515306782,-2.230197237California Water Service Company Bakersfield,36.778261,-119.4179324,278703,7769816764,27878.4827,Jul,15,32%,-2.515306782,-2.230197237California Water Service Company Bakersfield,36.778261,-119.4179324,277174,3316828956,11966.59483,Jan,15,32%,-2.515306782,-2.230197237California Water Service Company Bakersfield,36.778261,-119.4179324,278611,7734169178,27759.74092,Aug,15,32%,-2.515306782,-2.230197237California Water Service Company Bakersfield,36.778261,-119.4179324,277992,6369816442,22913.66817,Apr,15,32%,-2.515306782,-2.230197237California Water Service Company Bakersfield,36.778261,-119.4179324,275282,9601411898,34878.45881,Aug,14,32%,-2.515306782,-2.230197237California Water Service Company Bakersfield,36.778261,-119.4179324,278123,5760723791,20712.8637,May,15,32%,-2.515306782,-2.230197237California Water Service Company Bakersfield,36.778261,-119.4179324,277947,5295948354,19053.80649,Mar,15,32%,-2.515306782,-2.230197237California Water Service Company Bakersfield,36.778261,-119.4179324,275282,10438945130,37920.9143,Jun,14,32%,-2.515306782,-2.230197237California Water Service Company Bakersfield,36.778261,-119.4179324,275282,11140795512,40470.48304,Jul,14,32%,-2.515306782,-2.230197237California Water Service Company Bear Gulch,36.778261,-119.4179324,58885,1227929798,20853.01516,May,15,36%,-2.515306782,-2.230197237California Water Service Company Bear Gulch,36.778261,-119.4179324,58694,704317342.5,11999.81842,Feb,15,36%,-2.515306782,-2.230197237California Water Service Company Bear Gulch,36.778261,-119.4179324,58700,579735816.1,9876.248996,Dec,14,36%,-2.515306782,-2.230197237California Water Service Company Bear Gulch,36.778261,-119.4179324,64914,1435524559,22114.25207,Aug,15,36%,-2.515306782,-2.230197237California Water Service Company Bear Gulch,36.778261,-119.4179324,59999,1406784464,23446.79852,Jul,15,36%,-2.515306782,-2.230197237California Water Service Company Bear Gulch,36.778261,-119.4179324,59440,1273321879,21421.96969,Jun,15,36%,-2.515306782,-2.230197237California Water Service Company Bear Gulch,36.778261,-119.4179324,58710,747489158.6,12731.88824,Jan,15,36%,-2.515306782,-2.230197237California Water Service Company Bear Gulch,36.778261,-119.4179324,58895,1098784394,18656.66684,Apr,15,36%,-2.515306782,-2.230197237California Water Service Company Bear Gulch,36.778261,-119.4179324,58720,1108158845,18871.91494,Mar,15,36%,-2.515306782,-2.230197237California Water Service Company Bear Gulch,36.778261,-119.4179324,58705,1705903476,29058.9128,Sep,14,36%,-2.515306782,-2.230197237California Water Service Company Bear Gulch,36.778261,-119.4179324,58707,899207255.1,15316.86605,Nov,14,36%,-2.515306782,-2.230197237California Water Service Company Bear Gulch,36.778261,-119.4179324,58715,1561586262,26596.03614,Oct,14,36%,-2.515306782,-2.230197237California Water Service Company Bear Gulch,36.778261,-119.4179324,58242,1982203099,34033.91193,Jun,14,36%,-2.515306782,-2.230197237California Water Service Company Bear Gulch,36.778261,-119.4179324,58242,1966167853,33758.59093,Aug,14,36%,-2.515306782,-2.230197237California Water Service Company Bear Gulch,36.778261,-119.4179324,58242,2075947614,35643.48088,Jul,14,36%,-2.515306782,-2.230197237California Water Service Company Chico District,36.778261,-119.4179324,98691,3409339991,34545.60183,Aug,14,32%,-2.515306782,-2.230197237California Water Service Company Chico District,36.778261,-119.4179324,100911,1227313057,12162.33173,Dec,14,32%,-2.515306782,-2.230197237California Water Service Company Chico District,36.778261,-119.4179324,101358,1939524675,19135.38818,Mar,15,32%,-2.515306782,-2.230197237California Water Service Company Chico District,36.778261,-119.4179324,100931,2380617287,23586.5818,Oct,14,32%,-2.515306782,-2.230197237California Water Service Company Chico District,36.778261,-119.4179324,101662,2254925628,22180.61447,Jun,15,32%,-2.515306782,-2.230197237California Water Service Company Chico District,36.778261,-119.4179324,98691,3804053738,38545.09264,Jul,14,32%,-2.515306782,-2.230197237California Water Service Company Chico District,36.778261,-119.4179324,100882,2992423595,29662.61172,Sep,14,32%,-2.515306782,-2.230197237California Water Service Company Chico District,36.778261,-119.4179324,100926,1494978317,14812.61833,Nov,14,32%,-2.515306782,-2.230197237California Water Service Company Chico District,36.778261,-119.4179324,101292,1248282225,12323.60132,Feb,15,32%,-2.515306782,-2.230197237California Water Service Company Chico District,36.778261,-119.4179324,101447,1920035684,18926.49052,Apr,15,32%,-2.515306782,-2.230197237California Water Service Company Chico District,36.778261,-119.4179324,101662,2254925628,22180.61447,May,15,32%,-2.515306782,-2.230197237California Water Service Company Chico District,36.778261,-119.4179324,98691,3693040496,37420.23585,Jun,14,32%,-2.515306782,-2.230197237California Water Service Company Chico District,36.778261,-119.4179324,102245,2460793517,24067.61717,Jul,15,32%,-2.515306782,-2.230197237California Water Service Company Chico District,36.778261,-119.4179324,101204,1254449628,12395.25738,Jan,15,32%,-2.515306782,-2.230197237California Water Service Company Chico District,36.778261,-119.4179324,102591,2409604078,23487.48017,Aug,15,32%,-2.515306782,-2.230197237"California Water Service Company Dixon, City of",36.778261,-119.4179324,9981,144810606,14508.62699,Aug,15,28%,-2.515306782,-2.230197237"California Water Service Company Dixon, City of",36.778261,-119.4179324,9815,98678436.78,10053.83971,Jan,15,28%,-2.515306782,-2.230197237"California Water Service Company Dixon, City of",36.778261,-119.4179324,9826,117674035.9,11975.7822,Mar,15,28%,-2.515306782,-2.230197237"California Water Service Company Dixon, City of",36.778261,-119.4179324,9818,85110151.72,8668.787097,Feb,15,28%,-2.515306782,-2.230197237"California Water Service Company Dixon, City of",36.778261,-119.4179324,9812,97444956.32,9931.202234,Dec,14,28%,-2.515306782,-2.230197237"California Water Service Company Dixon, City of",36.778261,-119.4179324,9841,140000032.2,14226.19979,Jun,15,28%,-2.515306782,-2.230197237"California Water Service Company Dixon, City of",36.778261,-119.4179324,9832,133215889.6,13549.21579,May,15,28%,-2.515306782,-2.230197237"California Water Service Company Dixon, City of",36.778261,-119.4179324,9650,212158639.1,21985.3512,Jul,14,28%,-2.515306782,-2.230197237"California Water Service Company Dixon, City of",36.778261,-119.4179324,9803,113480202.3,11576.06878,Nov,14,28%,-2.515306782,-2.230197237"California Water Service Company Dixon, City of",36.778261,-119.4179324,9815,145550694.2,14829.41358,Oct,14,28%,-2.515306782,-2.230197237"California Water Service Company Dixon, City of",36.778261,-119.4179324,9826,165286381.6,16821.32929,Sep,14,28%,-2.515306782,-2.230197237"California Water Service Company Dixon, City of",36.778261,-119.4179324,9823,119894300.7,12205.46683,Apr,15,28%,-2.515306782,-2.230197237"California Water Service Company Dixon, City of",36.778261,-119.4179324,9823,145180650.1,14779.66508,Jul,15,28%,-2.515306782,-2.230197237"California Water Service Company Dixon, City of",36.778261,-119.4179324,9650,187489029.9,19428.91501,Aug,14,28%,-2.515306782,-2.230197237"California Water Service Company Dixon, City of",36.778261,-119.4179324,9650,207224717.2,21474.06396,Jun,14,28%,-2.515306782,-2.230197237California Water Service Company Dominguez,36.778261,-119.4179324,142202,2854273784,20071.96652,Jan,15,16%,-2.515306782,-2.230197237California Water Service Company Dominguez,36.778261,-119.4179324,142229,3585357652,25208.34466,Jul,15,16%,-2.515306782,-2.230197237California Water Service Company Dominguez,36.778261,-119.4179324,142155,2899912561,20399.65222,Feb,15,16%,-2.515306782,-2.230197237California Water Service Company Dominguez,36.778261,-119.4179324,142289,3052247398,21451.04258,Aug,15,16%,-2.515306782,-2.230197237California Water Service Company Dominguez,36.778261,-119.4179324,142272,3070132864,21579.31894,Nov,14,16%,-2.515306782,-2.230197237California Water Service Company Dominguez,36.778261,-119.4179324,142154,3477304764,24461.53301,Jun,15,16%,-2.515306782,-2.230197237California Water Service Company Dominguez,36.778261,-119.4179324,142161,3375542626,23744.50536,May,15,16%,-2.515306782,-2.230197237California Water Service Company Dominguez,36.778261,-119.4179324,142187,3548723283,24958.14162,Oct,14,16%,-2.515306782,-2.230197237California Water Service Company Dominguez,36.778261,-119.4179324,142196,3700318031,26022.65908,Mar,15,16%,-2.515306782,-2.230197237California Water Service Company Dominguez,36.778261,-119.4179324,141801,3913833499,27600.88785,Jun,14,16%,-2.515306782,-2.230197237California Water Service Company Dominguez,36.778261,-119.4179324,142212,3721410547,26168.04874,Sep,14,16%,-2.515306782,-2.230197237California Water Service Company Dominguez,36.778261,-119.4179324,142215,3863014104,27163.1973,Apr,15,16%,-2.515306782,-2.230197237California Water Service Company Dominguez,36.778261,-119.4179324,142168,2696388285,18966.211,Dec,14,16%,-2.515306782,-2.230197237California Water Service Company Dominguez,36.778261,-119.4179324,141801,3892864331,27453.01042,Jul,14,16%,-2.515306782,-2.230197237California Water Service Company Dominguez,36.778261,-119.4179324,141801,3977974483,28053.21882,Aug,14,16%,-2.515306782,-2.230197237California Water Service Company East Los Angeles,33.7552981,-118.359861,158200,1547894629,9784.416112,Jul,15,8%,-2.612519273,-1.952170159California Water Service Company East Los Angeles,33.7552981,-118.359861,158020,1574414459,9963.387285,Aug,15,8%,-2.612519273,-1.952170159California Water Service Company East Los Angeles,33.7552981,-118.359861,157522,1491154528,9466.325515,Jun,15,8%,-2.612519273,-1.952170159California Water Service Company East Los Angeles,33.7552981,-118.359861,159794,1377797673,8622.336718,Dec,14,8%,-2.612519273,-1.952170159California Water Service Company East Los Angeles,33.7552981,-118.359861,154125,1539013570,9985.489502,Mar,15,8%,-2.612519273,-1.952170159California Water Service Company East Los Angeles,33.7552981,-118.359861,153872,1335859338,8681.627183,Feb,15,8%,-2.612519273,-1.952170159California Water Service Company East Los Angeles,33.7552981,-118.359861,156293,1455013550,9309.52474,May,15,8%,-2.612519273,-1.952170159California Water Service Company East Los Angeles,33.7552981,-118.359861,155293,1493621489,9618.086383,Apr,15,8%,-2.612519273,-1.952170159California Water Service Company East Los Angeles,33.7552981,-118.359861,158996,1705903476,10729.2226,Sep,14,8%,-2.612519273,-1.952170159California Water Service Company East Los Angeles,33.7552981,-118.359861,159649,1488810915,9325.526091,Nov,14,8%,-2.612519273,-1.952170159California Water Service Company East Los Angeles,33.7552981,-118.359861,150148,1756476175,11698.29884,Jun,14,8%,-2.612519273,-1.952170159California Water Service Company East Los Angeles,33.7552981,-118.359861,160656,1438238216,8952.284484,Jan,15,8%,-2.612519273,-1.952170159California Water Service Company East Los Angeles,33.7552981,-118.359861,150148,1791013627,11928.32157,Aug,14,8%,-2.612519273,-1.952170159California Water Service Company East Los Angeles,33.7552981,-118.359861,150148,1844053287,12281.57077,Jul,14,8%,-2.612519273,-1.952170159California Water Service Company East Los Angeles,33.7552981,-118.359861,159281,1721938722,10810.69758,Oct,14,8%,-2.612519273,-1.952170159California Water Service Company Hermosa/Redondo,36.778261,-119.4179324,95699,1121480434,11718.83127,May,15,20%,-2.515306782,-2.230197237California Water Service Company Hermosa/Redondo,36.778261,-119.4179324,95750,1122713914,11725.47169,Jun,15,20%,-2.515306782,-2.230197237California Water Service Company Hermosa/Redondo,36.778261,-119.4179324,95829,1193639041,12455.92713,Aug,15,20%,-2.515306782,-2.230197237California Water Service Company Hermosa/Redondo,36.778261,-119.4179324,95612,1213744772,12694.48157,Nov,14,20%,-2.515306782,-2.230197237California Water Service Company Hermosa/Redondo,36.778261,-119.4179324,95640,1005286575,10511.15197,Dec,14,20%,-2.515306782,-2.230197237California Water Service Company Hermosa/Redondo,36.778261,-119.4179324,95739,1038590547,10848.14493,Feb,15,20%,-2.515306782,-2.230197237California Water Service Company Hermosa/Redondo,36.778261,-119.4179324,95493,1398766841,14647.84687,Jun,14,20%,-2.515306782,-2.230197237California Water Service Company Hermosa/Redondo,36.778261,-119.4179324,95723,1122590566,11727.49043,Apr,15,20%,-2.515306782,-2.230197237California Water Service Company Hermosa/Redondo,36.778261,-119.4179324,95623,1317357131,13776.57186,Sep,14,20%,-2.515306782,-2.230197237California Water Service Company Hermosa/Redondo,36.778261,-119.4179324,95792,1155894539,12066.71266,Jul,15,20%,-2.515306782,-2.230197237California Water Service Company Hermosa/Redondo,36.778261,-119.4179324,95688,1092863687,11421.11537,Jan,15,20%,-2.515306782,-2.230197237California Water Service Company Hermosa/Redondo,36.778261,-119.4179324,95629,1381498115,14446.43481,Oct,14,20%,-2.515306782,-2.230197237California Water Service Company Hermosa/Redondo,36.778261,-119.4179324,95730,1166132427,12181.47317,Mar,15,20%,-2.515306782,-2.230197237California Water Service Company Hermosa/Redondo,36.778261,-119.4179324,95493,1388898998,14544.51109,Aug,14,20%,-2.515306782,-2.230197237California Water Service Company Hermosa/Redondo,36.778261,-119.4179324,95493,1456740423,15254.94458,Jul,14,20%,-2.515306782,-2.230197237California Water Service Company Kern River Valley,36.778261,-119.4179324,5776,136916331,23704.35094,Jul,14,28%,-2.515306782,-2.230197237California Water Service Company Kern River Valley,36.778261,-119.4179324,5776,117180643.7,20287.50756,Jun,14,28%,-2.515306782,-2.230197237California Water Service Company Kern River Valley,36.778261,-119.4179324,5604,54273140.23,9684.71453,Jan,15,28%,-2.515306782,-2.230197237California Water Service Company Kern River Valley,36.778261,-119.4179324,5691,87577112.64,15388.70368,Oct,14,28%,-2.515306782,-2.230197237California Water Service Company Kern River Valley,36.778261,-119.4179324,5424,66607944.82,12280.22582,Nov,14,28%,-2.515306782,-2.230197237California Water Service Company Kern River Valley,36.778261,-119.4179324,5732,80176229.88,13987.47904,Sep,14,28%,-2.515306782,-2.230197237California Water Service Company Kern River Valley,36.778261,-119.4179324,5776,119647604.6,20714.61298,Aug,14,28%,-2.515306782,-2.230197237California Water Service Company Kern River Valley,36.778261,-119.4179324,5612,51806179.31,9231.322043,Dec,14,28%,-2.515306782,-2.230197237California Water Service Company Kern River Valley,36.778261,-119.4179324,5598,100281961.4,17913.89092,Aug,15,28%,-2.515306782,-2.230197237California Water Service Company Kern River Valley,36.778261,-119.4179324,5595,97198260.22,17372.3432,Jul,15,28%,-2.515306782,-2.230197237California Water Service Company Kern River Valley,36.778261,-119.4179324,5605,92017642.29,16417.06375,Jun,15,28%,-2.515306782,-2.230197237California Water Service Company Kern River Valley,36.778261,-119.4179324,5598,69444949.88,12405.31438,May,15,28%,-2.515306782,-2.230197237California Water Service Company Kern River Valley,36.778261,-119.4179324,5587,67224685.05,12032.34026,Apr,15,28%,-2.515306782,-2.230197237California Water Service Company Kern River Valley,36.778261,-119.4179324,5586,59947150.34,10731.67747,Mar,15,28%,-2.515306782,-2.230197237California Water Service Company Kern River Valley,36.778261,-119.4179324,5583,48105737.93,8616.467478,Feb,15,28%,-2.515306782,-2.230197237California Water Service Company King City,36.778261,-119.4179324,14814,172687264.4,11657.03148,Jul,15,12%,-2.515306782,-2.230197237California Water Service Company King City,36.778261,-119.4179324,14802,171330435.9,11574.81664,Aug,15,12%,-2.515306782,-2.230197237California Water Service Company King City,36.778261,-119.4179324,14750,139383291.9,9449.714708,Nov,14,12%,-2.515306782,-2.230197237California Water Service Company King City,36.778261,-119.4179324,14798,165409729.6,11177.8436,May,15,12%,-2.515306782,-2.230197237California Water Service Company King City,36.778261,-119.4179324,14734,115947163.2,7869.36088,Dec,14,12%,-2.515306782,-2.230197237California Water Service Company King City,36.778261,-119.4179324,14754,188722510.3,12791.27764,Oct,14,12%,-2.515306782,-2.230197237California Water Service Company King City,36.778261,-119.4179324,14726,150484616.1,10218.97434,Mar,15,12%,-2.515306782,-2.230197237California Water Service Company King City,36.778261,-119.4179324,13427,222026482.7,16535.82206,Jul,14,12%,-2.515306782,-2.230197237California Water Service Company King City,36.778261,-119.4179324,13427,205991236.8,15341.56824,Aug,14,12%,-2.515306782,-2.230197237California Water Service Company King City,36.778261,-119.4179324,14778,146537478.6,9915.92087,Apr,15,12%,-2.515306782,-2.230197237California Water Service Company King City,36.778261,-119.4179324,14818,166149817.9,11212.70198,Jun,15,12%,-2.515306782,-2.230197237California Water Service Company King City,36.778261,-119.4179324,14754,123348046,8360.312184,Jan,15,12%,-2.515306782,-2.230197237California Water Service Company King City,36.778261,-119.4179324,14572,198590354,13628.21535,Sep,14,12%,-2.515306782,-2.230197237California Water Service Company King City,36.778261,-119.4179324,13427,214625600,15984.62799,Jun,14,12%,-2.515306782,-2.230197237California Water Service Company King City,36.778261,-119.4179324,14734,119647604.6,8120.510696,Feb,15,12%,-2.515306782,-2.230197237California Water Service Company Livermore,36.778261,-119.4179324,57091,964581719.5,16895.51277,Sep,14,24%,-2.515306782,-2.230197237California Water Service Company Livermore,36.778261,-119.4179324,57088,687048616.1,12034.90429,Nov,14,24%,-2.515306782,-2.230197237California Water Service Company Livermore,36.778261,-119.4179324,57083,883172009.1,15471.71678,Oct,14,24%,-2.515306782,-2.230197237California Water Service Company Livermore,36.778261,-119.4179324,57450,638572834,11115.27996,Apr,15,24%,-2.515306782,-2.230197237California Water Service Company Livermore,36.778261,-119.4179324,57410,628211598.1,10942.54656,Mar,15,24%,-2.515306782,-2.230197237California Water Service Company Livermore,36.778261,-119.4179324,57381,484757820.7,8448.054594,Jan,15,24%,-2.515306782,-2.230197237California Water Service Company Livermore,36.778261,-119.4179324,58625,956194052.4,16310.34631,Aug,15,24%,-2.515306782,-2.230197237California Water Service Company Livermore,36.778261,-119.4179324,57104,431718160.9,7560.208758,Dec,14,24%,-2.515306782,-2.230197237California Water Service Company Livermore,36.778261,-119.4179324,57984,819031025.2,14125.12116,Jun,15,24%,-2.515306782,-2.230197237California Water Service Company Livermore,36.778261,-119.4179324,57391,446519926.4,7780.312704,Feb,15,24%,-2.515306782,-2.230197237California Water Service Company Livermore,36.778261,-119.4179324,56055,1163172073,20750.54988,Jun,14,24%,-2.515306782,-2.230197237California Water Service Company Livermore,36.778261,-119.4179324,58609,963718283.2,16443.17909,Jul,15,24%,-2.515306782,-2.230197237California Water Service Company Livermore,36.778261,-119.4179324,56055,1060793195,18924.14941,Aug,14,24%,-2.515306782,-2.230197237California Water Service Company Livermore,36.778261,-119.4179324,56055,1105198492,19716.32311,Jul,14,24%,-2.515306782,-2.230197237California Water Service Company Livermore,36.778261,-119.4179324,57529,716528799,12455.08872,May,15,24%,-2.515306782,-2.230197237California Water Service Company Los Altos/Suburban,36.778261,-119.4179324,68153,1438238216,21103.08007,Oct,14,32%,-2.515306782,-2.230197237California Water Service Company Los Altos/Suburban,36.778261,-119.4179324,68142,1302925410,19120.73919,Aug,15,32%,-2.515306782,-2.230197237California Water Service Company Los Altos/Suburban,36.778261,-119.4179324,68147,1315876954,19309.38933,Jul,15,32%,-2.515306782,-2.230197237California Water Service Company Los Altos/Suburban,36.778261,-119.4179324,68163,1204246973,17667.16507,Jun,15,32%,-2.515306782,-2.230197237California Water Service Company Los Altos/Suburban,36.778261,-119.4179324,68163,967048680.4,14187.29634,Nov,14,32%,-2.515306782,-2.230197237California Water Service Company Los Altos/Suburban,36.778261,-119.4179324,68116,767224845.9,11263.50411,Feb,15,32%,-2.515306782,-2.230197237California Water Service Company Los Altos/Suburban,36.778261,-119.4179324,68116,1169586172,17170.50578,May,15,32%,-2.515306782,-2.230197237California Water Service Company Los Altos/Suburban,36.778261,-119.4179324,68103,1117903341,16414.89128,Apr,15,32%,-2.515306782,-2.230197237California Water Service Company Los Altos/Suburban,36.778261,-119.4179324,68109,1121850478,16471.39847,Mar,15,32%,-2.515306782,-2.230197237California Water Service Company Los Altos/Suburban,36.778261,-119.4179324,68134,1612158961,23661.59276,Sep,14,32%,-2.515306782,-2.230197237California Water Service Company Los Altos/Suburban,36.778261,-119.4179324,68142,825198427.5,12109.9825,Jan,15,32%,-2.515306782,-2.230197237California Water Service Company Los Altos/Suburban,36.778261,-119.4179324,68147,659912045.9,9683.655127,Dec,14,32%,-2.515306782,-2.230197237California Water Service Company Los Altos/Suburban,36.778261,-119.4179324,67940,1868722896,27505.48861,Jun,14,32%,-2.515306782,-2.230197237California Water Service Company Los Altos/Suburban,36.778261,-119.4179324,67940,1809515834,26634.02759,Aug,14,32%,-2.515306782,-2.230197237California Water Service Company Los Altos/Suburban,36.778261,-119.4179324,67940,1925462998,28340.63876,Jul,14,32%,-2.515306782,-2.230197237California Water Service Company Marysville,36.778261,-119.4179324,12172,234361287.3,19254.1314,Aug,15,24%,-2.515306782,-2.230197237California Water Service Company Marysville,36.778261,-119.4179324,12099,143083733.3,11826.07929,Nov,14,24%,-2.515306782,-2.230197237California Water Service Company Marysville,36.778261,-119.4179324,12092,130748928.7,10812.84558,Dec,14,24%,-2.515306782,-2.230197237California Water Service Company Marysville,36.778261,-119.4179324,12106,125815006.9,10392.78101,Jan,15,24%,-2.515306782,-2.230197237California Water Service Company Marysville,36.778261,-119.4179324,12069,300969232.2,24937.37942,Jun,14,24%,-2.515306782,-2.230197237California Water Service Company Marysville,36.778261,-119.4179324,12113,118414124.1,9775.788337,Feb,15,24%,-2.515306782,-2.230197237California Water Service Company Marysville,36.778261,-119.4179324,12069,319471439.1,26470.41504,Jul,14,24%,-2.515306782,-2.230197237California Water Service Company Marysville,36.778261,-119.4179324,12069,286167466.7,23710.95092,Aug,14,24%,-2.515306782,-2.230197237California Water Service Company Marysville,36.778261,-119.4179324,12177,226096968.3,18567.54277,Jun,15,24%,-2.515306782,-2.230197237California Water Service Company Marysville,36.778261,-119.4179324,12110,251630013.8,20778.69643,Sep,14,24%,-2.515306782,-2.230197237California Water Service Company Marysville,36.778261,-119.4179324,12172,239665253.3,19689.88279,Jul,15,24%,-2.515306782,-2.230197237California Water Service Company Marysville,36.778261,-119.4179324,12131,152951577,12608.32388,Mar,15,24%,-2.515306782,-2.230197237California Water Service Company Marysville,36.778261,-119.4179324,12131,209938374.2,17305.94133,May,15,24%,-2.515306782,-2.230197237California Water Service Company Marysville,36.778261,-119.4179324,12136,162942768.7,13426.39821,Apr,15,24%,-2.515306782,-2.230197237California Water Service Company Marysville,36.778261,-119.4179324,12117,203524275.9,16796.58957,Oct,14,24%,-2.515306782,-2.230197237California Water Service Company Mid Peninsula,36.778261,-119.4179324,135918,1165639034,8576.046104,Jan,15,16%,-2.515306782,-2.230197237California Water Service Company Mid Peninsula,36.778261,-119.4179324,131069,1662731660,12685.92619,Sep,14,16%,-2.515306782,-2.230197237California Water Service Company Mid Peninsula,36.778261,-119.4179324,132554,1373603840,10362.59819,Mar,15,16%,-2.515306782,-2.230197237California Water Service Company Mid Peninsula,36.778261,-119.4179324,132415,1084969412,8193.704734,Feb,15,16%,-2.515306782,-2.230197237California Water Service Company Mid Peninsula,36.778261,-119.4179324,129037,1909427752,14797.52127,Jun,14,16%,-2.515306782,-2.230197237California Water Service Company Mid Peninsula,36.778261,-119.4179324,135019,1575154547,11666.16955,Oct,14,16%,-2.515306782,-2.230197237California Water Service Company Mid Peninsula,36.778261,-119.4179324,135813,1045991430,7701.703297,Dec,14,16%,-2.515306782,-2.230197237California Water Service Company Mid Peninsula,36.778261,-119.4179324,132527,1318960656,9952.392007,Apr,15,16%,-2.515306782,-2.230197237California Water Service Company Mid Peninsula,36.778261,-119.4179324,129037,1924229517,14912.23073,Jul,14,16%,-2.515306782,-2.230197237California Water Service Company Mid Peninsula,36.778261,-119.4179324,133857,1506943078,11257.85785,Jul,15,16%,-2.515306782,-2.230197237California Water Service Company Mid Peninsula,36.778261,-119.4179324,133029,1401233802,10533.29576,Jun,15,16%,-2.515306782,-2.230197237California Water Service Company Mid Peninsula,36.778261,-119.4179324,132532,1407771249,10622.12333,May,15,16%,-2.515306782,-2.230197237California Water Service Company Mid Peninsula,36.778261,-119.4179324,129037,1844053287,14290.88779,Aug,14,16%,-2.515306782,-2.230197237California Water Service Company Mid Peninsula,36.778261,-119.4179324,135308,1232246979,9106.978,Nov,14,16%,-2.515306782,-2.230197237California Water Service Company Mid Peninsula,36.778261,-119.4179324,134660,1502379200,11156.83351,Aug,15,16%,-2.515306782,-2.230197237California Water Service Company Oroville,36.778261,-119.4179324,10640,236828248.3,22258.29401,May,15,28%,-2.515306782,-2.230197237California Water Service Company Oroville,36.778261,-119.4179324,10707,391260001.8,36542.44903,Jul,15,28%,-2.515306782,-2.230197237California Water Service Company Oroville,36.778261,-119.4179324,10770,456017726,42341.47873,Aug,15,28%,-2.515306782,-2.230197237California Water Service Company Oroville,36.778261,-119.4179324,10628,188845858.4,17768.7108,Apr,15,28%,-2.515306782,-2.230197237California Water Service Company Oroville,36.778261,-119.4179324,10370,346608009.2,33424.10889,Jun,14,28%,-2.515306782,-2.230197237California Water Service Company Oroville,36.778261,-119.4179324,10640,268652044.1,25249.25227,Jun,15,28%,-2.515306782,-2.230197237California Water Service Company Oroville,36.778261,-119.4179324,10370,466255613.8,44961.96854,Jul,14,28%,-2.515306782,-2.230197237California Water Service Company Oroville,36.778261,-119.4179324,11201,144317213.8,12884.31513,Dec,14,28%,-2.515306782,-2.230197237California Water Service Company Oroville,36.778261,-119.4179324,10626,170713695.6,16065.65929,Mar,15,28%,-2.515306782,-2.230197237California Water Service Company Oroville,36.778261,-119.4179324,10640,123348046,11592.86146,Feb,15,28%,-2.515306782,-2.230197237California Water Service Company Oroville,36.778261,-119.4179324,10640,136916331,12868.07622,Jan,15,28%,-2.515306782,-2.230197237California Water Service Company Oroville,36.778261,-119.4179324,11121,397180708,35714.47784,Sep,14,28%,-2.515306782,-2.230197237California Water Service Company Oroville,36.778261,-119.4179324,11196,155418537.9,13881.61289,Nov,14,28%,-2.515306782,-2.230197237California Water Service Company Oroville,36.778261,-119.4179324,11208,277533103.4,24762.0542,Oct,14,28%,-2.515306782,-2.230197237California Water Service Company Oroville,36.778261,-119.4179324,10370,534097039.1,51504.05391,Aug,14,28%,-2.515306782,-2.230197237California Water Service Company Palos Verdes,33.7552981,-118.359861,69869,1496211798,21414.53001,Feb,15,36%,-2.612519273,-1.952170159California Water Service Company Palos Verdes,33.7552981,-118.359861,69801,2573040239,36862.51256,Aug,14,36%,-2.612519273,-1.952170159California Water Service Company Palos Verdes,33.7552981,-118.359861,69801,2735859660,39195.13559,Jul,14,36%,-2.612519273,-1.952170159California Water Service Company Palos Verdes,33.7552981,-118.359861,69892,2521234060,36073.28535,Sep,14,36%,-2.612519273,-1.952170159California Water Service Company Palos Verdes,33.7552981,-118.359861,69884,1786449750,25563.07237,Jul,15,36%,-2.612519273,-1.952170159California Water Service Company Palos Verdes,33.7552981,-118.359861,69867,1894502638,27115.8435,Mar,15,36%,-2.612519273,-1.952170159California Water Service Company Palos Verdes,33.7552981,-118.359861,69879,1999841869,28618.63892,Apr,15,36%,-2.612519273,-1.952170159California Water Service Company Palos Verdes,33.7552981,-118.359861,69849,1136035503,16264.16274,Dec,14,36%,-2.612519273,-1.952170159California Water Service Company Palos Verdes,33.7552981,-118.359861,69801,2692687844,38576.63706,Jun,14,36%,-2.612519273,-1.952170159California Water Service Company Palos Verdes,33.7552981,-118.359861,69857,1904493830,27262.74861,Nov,14,36%,-2.612519273,-1.952170159California Water Service Company Palos Verdes,33.7552981,-118.359861,69877,2338678952,33468.50826,Oct,14,36%,-2.612519273,-1.952170159California Water Service Company Palos Verdes,33.7552981,-118.359861,69872,1451806501,20778.08709,Jan,15,36%,-2.612519273,-1.952170159California Water Service Company Palos Verdes,33.7552981,-118.359861,69904,1711207442,24479.39233,Jun,15,36%,-2.612519273,-1.952170159California Water Service Company Palos Verdes,33.7552981,-118.359861,69932,1804088520,25797.75382,May,15,36%,-2.612519273,-1.952170159California Water Service Company Palos Verdes,33.7552981,-118.359861,69916,1951119391,27906.62211,Aug,15,36%,-2.612519273,-1.952170159California Water Service Company Redwood Valley,36.778261,-119.4179324,3604,28986790.8,8042.949723,Mar,15,16%,-2.515306782,-2.230197237California Water Service Company Redwood Valley,36.778261,-119.4179324,3587,33303972.41,9284.631283,Oct,14,16%,-2.515306782,-2.230197237California Water Service Company Redwood Valley,36.778261,-119.4179324,3600,23436128.73,6510.03576,Feb,15,16%,-2.515306782,-2.230197237California Water Service Company Redwood Valley,36.778261,-119.4179324,3590,40704855.17,11338.39977,Jun,14,16%,-2.515306782,-2.230197237California Water Service Company Redwood Valley,36.778261,-119.4179324,3602,29603531.03,8218.637155,Jan,15,16%,-2.515306782,-2.230197237California Water Service Company Redwood Valley,36.778261,-119.4179324,3203,35400889.19,11052.41623,Aug,15,16%,-2.515306782,-2.230197237California Water Service Company Redwood Valley,36.778261,-119.4179324,3613,28370050.57,7852.214385,Dec,14,16%,-2.515306782,-2.230197237California Water Service Company Redwood Valley,36.778261,-119.4179324,3590,48105737.93,13399.927,Jul,14,16%,-2.515306782,-2.230197237California Water Service Company Redwood Valley,36.778261,-119.4179324,3628,32810580.23,9043.710096,Jun,15,16%,-2.515306782,-2.230197237California Water Service Company Redwood Valley,36.778261,-119.4179324,3607,27013222.07,7489.110637,Apr,15,16%,-2.515306782,-2.230197237California Water Service Company Redwood Valley,36.778261,-119.4179324,3613,29356834.94,8125.334885,May,15,16%,-2.515306782,-2.230197237California Water Service Company Redwood Valley,36.778261,-119.4179324,3576,27136570.11,7588.526318,Nov,14,16%,-2.515306782,-2.230197237California Water Service Company Redwood Valley,36.778261,-119.4179324,3636,35647585.29,9804.06636,Jul,15,16%,-2.515306782,-2.230197237California Water Service Company Redwood Valley,36.778261,-119.4179324,3590,43171816.09,12025.57551,Aug,14,16%,-2.515306782,-2.230197237California Water Service Company Redwood Valley,36.778261,-119.4179324,3592,38237894.25,10645.2935,Sep,14,16%,-2.515306782,-2.230197237California Water Service Company Salinas District,36.778261,-119.4179324,120945,1636211830,13528.56116,May,15,16%,-2.515306782,-2.230197237California Water Service Company Salinas District,36.778261,-119.4179324,121063,1715647971,14171.53029,Jun,15,16%,-2.515306782,-2.230197237California Water Service Company Salinas District,36.778261,-119.4179324,120592,1924229517,15956.52711,Sep,14,16%,-2.515306782,-2.230197237California Water Service Company Salinas District,36.778261,-119.4179324,119516,2360881600,19753.68653,Jul,14,16%,-2.515306782,-2.230197237California Water Service Company Salinas District,36.778261,-119.4179324,120955,1557515776,12876.82011,Apr,15,16%,-2.515306782,-2.230197237California Water Service Company Salinas District,36.778261,-119.4179324,120583,1380264634,11446.59392,Nov,14,16%,-2.515306782,-2.230197237California Water Service Company Salinas District,36.778261,-119.4179324,119516,2251101839,18835.15043,Jun,14,16%,-2.515306782,-2.230197237California Water Service Company Salinas District,36.778261,-119.4179324,121555,1799647991,14805.21567,Aug,15,16%,-2.515306782,-2.230197237California Water Service Company Salinas District,36.778261,-119.4179324,121263,1807172222,14902.91533,Jul,15,16%,-2.515306782,-2.230197237California Water Service Company Salinas District,36.778261,-119.4179324,120730,1285286639,10645.95907,Jan,15,16%,-2.515306782,-2.230197237California Water Service Company Salinas District,36.778261,-119.4179324,120675,1826784561,15138.05312,Oct,14,16%,-2.515306782,-2.230197237California Water Service Company Salinas District,36.778261,-119.4179324,120761,1078061922,8927.235794,Dec,14,16%,-2.515306782,-2.230197237California Water Service Company Salinas District,36.778261,-119.4179324,119516,2142555558,17926.93496,Aug,14,16%,-2.515306782,-2.230197237California Water Service Company Salinas District,36.778261,-119.4179324,120844,1142202906,9451.879329,Feb,15,16%,-2.515306782,-2.230197237California Water Service Company Salinas District,36.778261,-119.4179324,120770,1450696369,12012.05903,Mar,15,16%,-2.515306782,-2.230197237California Water Service Company Selma,36.778261,-119.4179324,24596,440229176.1,17898.40527,Apr,15,32%,-2.515306782,-2.230197237California Water Service Company Selma,36.778261,-119.4179324,24610,463048564.6,18815.46382,May,15,32%,-2.515306782,-2.230197237California Water Service Company Selma,36.778261,-119.4179324,24521,730220432.1,29779.39041,Aug,14,32%,-2.515306782,-2.230197237California Water Service Company Selma,36.778261,-119.4179324,24596,391260001.8,15907.4647,Mar,15,32%,-2.515306782,-2.230197237California Water Service Company Selma,36.778261,-119.4179324,24644,557163123.6,22608.46955,Jul,15,32%,-2.515306782,-2.230197237California Water Service Company Selma,36.778261,-119.4179324,24627,546185147.6,22178.30623,Jun,15,32%,-2.515306782,-2.230197237California Water Service Company Selma,36.778261,-119.4179324,24637,638942878.1,25934.28088,Sep,14,32%,-2.515306782,-2.230197237California Water Service Company Selma,36.778261,-119.4179324,25082,546678539.7,21795.65185,Aug,15,32%,-2.515306782,-2.230197237California Water Service Company Selma,36.778261,-119.4179324,24644,557163123.6,22608.46955,Jul,15,32%,-2.515306782,-2.230197237California Water Service Company Selma,36.778261,-119.4179324,24590,352775411.5,14346.29571,Nov,14,32%,-2.515306782,-2.230197237California Water Service Company Selma,36.778261,-119.4179324,24583,262731337.9,10687.52137,Feb,15,32%,-2.515306782,-2.230197237California Water Service Company Selma,36.778261,-119.4179324,24556,286167466.7,11653.66781,Jan,15,32%,-2.515306782,-2.230197237California Water Service Company Selma,36.778261,-119.4179324,24586,286167466.7,11639.44792,Dec,14,32%,-2.515306782,-2.230197237California Water Service Company Selma,36.778261,-119.4179324,24521,811630142.5,33099.39001,Jul,14,32%,-2.515306782,-2.230197237California Water Service Company Selma,36.778261,-119.4179324,24617,541497921.8,21996.90953,Oct,14,32%,-2.515306782,-2.230197237California Water Service Company Selma,36.778261,-119.4179324,24521,780793131,31841.8144,Jun,14,32%,-2.515306782,-2.230197237California Water Service Company South San Francisco,36.778261,-119.4179324,61078,749216031.2,12266.54493,May,15,8%,-2.515306782,-2.230197237California Water Service Company South San Francisco,36.778261,-119.4179324,61174,783136743.9,12801.79069,Jul,15,8%,-2.515306782,-2.230197237California Water Service Company South San Francisco,36.778261,-119.4179324,60935,727753471.2,11943.11104,Apr,15,8%,-2.515306782,-2.230197237California Water Service Company South San Francisco,36.778261,-119.4179324,60804,645110280.4,10609.66845,Feb,15,8%,-2.515306782,-2.230197237California Water Service Company South San Francisco,36.778261,-119.4179324,61069,736757878.6,12064.35145,Jun,15,8%,-2.515306782,-2.230197237California Water Service Company South San Francisco,36.778261,-119.4179324,60172,933744708,15517.92708,Jun,14,8%,-2.515306782,-2.230197237California Water Service Company South San Francisco,36.778261,-119.4179324,61445,776229253.3,12632.9116,Aug,15,8%,-2.515306782,-2.230197237California Water Service Company South San Francisco,36.778261,-119.4179324,60924,760564051.5,12483.81675,Mar,15,8%,-2.515306782,-2.230197237California Water Service Company South San Francisco,36.778261,-119.4179324,60172,952246914.9,15825.41572,Jul,14,8%,-2.515306782,-2.230197237California Water Service Company South San Francisco,36.778261,-119.4179324,60690,833832790.8,13739.21224,Oct,14,8%,-2.515306782,-2.230197237California Water Service Company South San Francisco,36.778261,-119.4179324,60172,912775540.2,15169.43994,Aug,14,8%,-2.515306782,-2.230197237California Water Service Company South San Francisco,36.778261,-119.4179324,60653,652511163.2,10758.10204,Dec,14,8%,-2.515306782,-2.230197237California Water Service Company South San Francisco,36.778261,-119.4179324,60679,684581655.1,11282.0194,Nov,14,8%,-2.515306782,-2.230197237California Water Service Company South San Francisco,36.778261,-119.4179324,60667,858502400,14151.06071,Sep,14,8%,-2.515306782,-2.230197237California Water Service Company South San Francisco,36.778261,-119.4179324,60664,747489158.6,12321.79148,Jan,15,8%,-2.515306782,-2.230197237California Water Service Company Stockton,36.778261,-119.4179324,170262,1895859467,11134.95358,Dec,14,20%,-2.515306782,-2.230197237California Water Service Company Stockton,36.778261,-119.4179324,168836,3646168239,21595.91698,Jul,14,20%,-2.515306782,-2.230197237California Water Service Company Stockton,36.778261,-119.4179324,168836,3525287154,20879.9495,Jun,14,20%,-2.515306782,-2.230197237California Water Service Company Stockton,36.778261,-119.4179324,170098,1678766906,9869.41002,Feb,15,20%,-2.515306782,-2.230197237California Water Service Company Stockton,36.778261,-119.4179324,170167,2131454234,12525.66146,Nov,14,20%,-2.515306782,-2.230197237California Water Service Company Stockton,36.778261,-119.4179324,169792,2650749508,15611.74559,Oct,14,20%,-2.515306782,-2.230197237California Water Service Company Stockton,36.778261,-119.4179324,169856,1934097361,11386.68849,Jan,15,20%,-2.515306782,-2.230197237California Water Service Company Stockton,36.778261,-119.4179324,168836,3409339991,20193.20518,Aug,14,20%,-2.515306782,-2.230197237California Water Service Company Stockton,36.778261,-119.4179324,170577,2686767137,15751.05165,Jun,15,20%,-2.515306782,-2.230197237California Water Service Company Stockton,36.778261,-119.4179324,170481,2478308940,14537.15628,May,15,20%,-2.515306782,-2.230197237California Water Service Company Stockton,36.778261,-119.4179324,170457,3047930216,17880.93311,Sep,14,20%,-2.515306782,-2.230197237California Water Service Company Stockton,36.778261,-119.4179324,170719,2883013878,16887.48106,Jul,15,20%,-2.515306782,-2.230197237California Water Service Company Stockton,36.778261,-119.4179324,170584,2831701091,16600.03923,Aug,15,20%,-2.515306782,-2.230197237California Water Service Company Stockton,36.778261,-119.4179324,170209,2161674506,12700.11871,Apr,15,20%,-2.515306782,-2.230197237California Water Service Company Stockton,36.778261,-119.4179324,170257,2141815470,12579.89669,Mar,15,20%,-2.515306782,-2.230197237California Water Service Company Visalia,36.778261,-119.4179324,138082,3004758400,21760.68133,May,15,32%,-2.515306782,-2.230197237California Water Service Company Visalia,36.778261,-119.4179324,134033,4462732303,33295.77271,Jul,14,32%,-2.515306782,-2.230197237California Water Service Company Visalia,36.778261,-119.4179324,138909,3549956763,25555.98819,Aug,15,32%,-2.515306782,-2.230197237California Water Service Company Visalia,36.778261,-119.4179324,137626,2203489493,16010.7065,Mar,15,32%,-2.515306782,-2.230197237California Water Service Company Visalia,36.778261,-119.4179324,137912,2415524784,17514.97175,Apr,15,32%,-2.515306782,-2.230197237California Water Service Company Visalia,36.778261,-119.4179324,138370,3477674808,25133.15609,Jun,15,32%,-2.515306782,-2.230197237California Water Service Company Visalia,36.778261,-119.4179324,138644,3531331208,25470.49427,Jul,15,32%,-2.515306782,-2.230197237California Water Service Company Visalia,36.778261,-119.4179324,136622,3266256257,23907.24962,Oct,14,32%,-2.515306782,-2.230197237California Water Service Company Visalia,36.778261,-119.4179324,137140,1623260285,11836.51951,Jan,15,32%,-2.515306782,-2.230197237California Water Service Company Visalia,36.778261,-119.4179324,136986,1702203034,12426.10949,Dec,14,32%,-2.515306782,-2.230197237California Water Service Company Visalia,36.778261,-119.4179324,137337,1476476110,10750.7526,Feb,15,32%,-2.515306782,-2.230197237California Water Service Company Visalia,36.778261,-119.4179324,136484,3855859917,28251.36952,Sep,14,32%,-2.515306782,-2.230197237California Water Service Company Visalia,36.778261,-119.4179324,134033,4224670574,31519.63005,Jun,14,32%,-2.515306782,-2.230197237California Water Service Company Visalia,36.778261,-119.4179324,136875,2194361738,16031.86658,Nov,14,32%,-2.515306782,-2.230197237California Water Service Company Visalia,36.778261,-119.4179324,134033,4238238860,31620.86098,Aug,14,32%,-2.515306782,-2.230197237California Water Service Company Westlake,36.778261,-119.4179324,19468,529163117.2,27181.17512,Feb,15,36%,-2.515306782,-2.230197237California Water Service Company Westlake,36.778261,-119.4179324,19463,561233609.2,28835.92505,Jan,15,36%,-2.515306782,-2.230197237California Water Service Company Westlake,36.778261,-119.4179324,19463,362643255.2,18632.44388,Dec,14,36%,-2.515306782,-2.230197237California Water Service Company Westlake,36.778261,-119.4179324,19456,742801932.8,38178.55329,Aug,15,36%,-2.515306782,-2.230197237California Water Service Company Westlake,36.778261,-119.4179324,19434,1026255742,52807.23178,Jun,14,36%,-2.515306782,-2.230197237California Water Service Company Westlake,36.778261,-119.4179324,19461,685938483.6,35246.82615,May,15,36%,-2.515306782,-2.230197237California Water Service Company Westlake,36.778261,-119.4179324,19461,714925274.4,36736.3072,Jun,15,36%,-2.515306782,-2.230197237California Water Service Company Westlake,36.778261,-119.4179324,19463,701603685.5,36048.07509,Jul,15,36%,-2.515306782,-2.230197237California Water Service Company Westlake,36.778261,-119.4179324,19434,1101498051,56678.91584,Jul,14,36%,-2.515306782,-2.230197237California Water Service Company Westlake,36.778261,-119.4179324,19454,951013434.4,48885.23874,Oct,14,36%,-2.515306782,-2.230197237California Water Service Company Westlake,36.778261,-119.4179324,19459,960881278.1,49379.78715,Mar,15,36%,-2.515306782,-2.230197237California Water Service Company Westlake,36.778261,-119.4179324,19459,748722639,38476.93299,Apr,15,36%,-2.515306782,-2.230197237California Water Service Company Westlake,36.778261,-119.4179324,19461,1016387899,52226.91017,Sep,14,36%,-2.515306782,-2.230197237California Water Service Company Westlake,36.778261,-119.4179324,19434,1048458391,53949.69593,Aug,14,36%,-2.515306782,-2.230197237California Water Service Company Westlake,36.778261,-119.4179324,19456,703083862,36137.12284,Nov,14,36%,-2.515306782,-2.230197237California Water Service Company Willows,36.778261,-119.4179324,7130,142960385.3,20050.54492,Aug,15,28%,-2.515306782,-2.230197237California Water Service Company Willows,36.778261,-119.4179324,7063,62907503.44,8906.626567,Feb,15,28%,-2.515306782,-2.230197237California Water Service Company Willows,36.778261,-119.4179324,7130,153198273.1,21486.43381,Jul,15,28%,-2.515306782,-2.230197237California Water Service Company Willows,36.778261,-119.4179324,7058,69074905.74,9786.753435,Jan,15,28%,-2.515306782,-2.230197237California Water Service Company Willows,36.778261,-119.4179324,7074,70308386.2,9938.985892,Dec,14,28%,-2.515306782,-2.230197237California Water Service Company Willows,36.778261,-119.4179324,7071,90044073.56,12734.27713,Nov,14,28%,-2.515306782,-2.230197237California Water Service Company Willows,36.778261,-119.4179324,7058,135682850.6,19223.97996,Oct,14,28%,-2.515306782,-2.230197237California Water Service Company Willows,36.778261,-119.4179324,7148,118537472.2,16583.30612,May,15,28%,-2.515306782,-2.230197237California Water Service Company Willows,36.778261,-119.4179324,7148,101392093.8,14184.68016,Apr,15,28%,-2.515306782,-2.230197237California Water Service Company Willows,36.778261,-119.4179324,7079,98801784.82,13957.02568,Mar,15,28%,-2.515306782,-2.230197237California Water Service Company Willows,36.778261,-119.4179324,7028,218326041.4,31065.17379,Jun,14,28%,-2.515306782,-2.230197237California Water Service Company Willows,36.778261,-119.4179324,7150,141973600.9,19856.44768,Jun,15,28%,-2.515306782,-2.230197237California Water Service Company Willows,36.778261,-119.4179324,7086,150484616.1,21236.89191,Sep,14,28%,-2.515306782,-2.230197237California Water Service Company Willows,36.778261,-119.4179324,7028,182555108,25975.39955,Aug,14,28%,-2.515306782,-2.230197237California Water Service Company Willows,36.778261,-119.4179324,7028,226960404.6,32293.73998,Jul,14,28%,-2.515306782,-2.230197237California-American Water Company Los Angeles District,36.778261,-119.4179324,102889,1503662020,14614.40989,Feb,15,28%,-2.515306782,-2.230197237California-American Water Company Los Angeles District,36.778261,-119.4179324,102889,2046344083,19888.8519,Aug,15,28%,-2.515306782,-2.230197237California-American Water Company Los Angeles District,36.778261,-119.4179324,102889,1999471825,19433.29049,Jul,15,28%,-2.515306782,-2.230197237California-American Water Company Los Angeles District,36.778261,-119.4179324,102889,1857621572,18054.61781,Nov,14,28%,-2.515306782,-2.230197237California-American Water Company Los Angeles District,36.778261,-119.4179324,102889,1755440051,17061.49395,Mar,15,28%,-2.515306782,-2.230197237California-American Water Company Los Angeles District,36.778261,-119.4179324,102889,1914361673,18606.08688,Apr,15,28%,-2.515306782,-2.230197237California-American Water Company Los Angeles District,36.778261,-119.4179324,102889,2563172395,24912.01582,Sep,14,28%,-2.515306782,-2.230197237California-American Water Company Los Angeles District,36.778261,-119.4179324,102889,1524581848,14817.73414,Dec,14,28%,-2.515306782,-2.230197237California-American Water Company Los Angeles District,36.778261,-119.4179324,102889,2670485195,25955.01167,Jun,14,28%,-2.515306782,-2.230197237California-American Water Company Los Angeles District,36.778261,-119.4179324,102889,2438590869,23701.18155,Oct,14,28%,-2.515306782,-2.230197237California-American Water Company Los Angeles District,36.778261,-119.4179324,102889,1745374850,16963.66813,May,15,28%,-2.515306782,-2.230197237California-American Water Company Los Angeles District,36.778261,-119.4179324,102889,2695154804,26194.78083,Aug,14,28%,-2.515306782,-2.230197237California-American Water Company Los Angeles District,36.778261,-119.4179324,102889,1550682295,15071.40991,Jan,15,28%,-2.515306782,-2.230197237California-American Water Company Los Angeles District,36.778261,-119.4179324,102889,1876123779,18234.44469,Jun,15,28%,-2.515306782,-2.230197237California-American Water Company Los Angeles District,36.778261,-119.4179324,102889,2802467604,27237.77668,Jul,14,28%,-2.515306782,-2.230197237California-American Water Company Monterey District,36.778261,-119.4179324,100623,1054292753,10477.65176,Apr,15,8%,-2.515306782,-2.230197237California-American Water Company Monterey District,36.778261,-119.4179324,100623,1110058405,11031.85559,Jun,15,8%,-2.515306782,-2.230197237California-American Water Company Monterey District,36.778261,-119.4179324,100623,1052676894,10461.59321,May,15,8%,-2.515306782,-2.230197237California-American Water Company Monterey District,36.778261,-119.4179324,100623,1224340369,12167.59955,Jul,15,8%,-2.515306782,-2.230197237California-American Water Company Monterey District,36.778261,-119.4179324,100623,911764086.2,9061.18965,Nov,14,8%,-2.515306782,-2.230197237California-American Water Company Monterey District,36.778261,-119.4179324,100623,998021374.7,9918.421979,Mar,15,8%,-2.515306782,-2.230197237California-American Water Company Monterey District,36.778261,-119.4179324,100623,1244692797,12369.86372,Aug,15,8%,-2.515306782,-2.230197237California-American Water Company Monterey District,36.778261,-119.4179324,100623,804192255.3,7992.131573,Dec,14,8%,-2.515306782,-2.230197237California-American Water Company Monterey District,36.778261,-119.4179324,100623,1332158896,13239.10931,Jul,14,8%,-2.515306782,-2.230197237California-American Water Company Monterey District,36.778261,-119.4179324,100623,1167143881,11599.17594,Oct,14,8%,-2.515306782,-2.230197237California-American Water Company Monterey District,36.778261,-119.4179324,100623,937173783.7,9313.713402,Jan,15,8%,-2.515306782,-2.230197237California-American Water Company Monterey District,36.778261,-119.4179324,100623,1273136856,12652.54322,Jun,14,8%,-2.515306782,-2.230197237California-American Water Company Monterey District,36.778261,-119.4179324,100623,1335760659,13274.90394,Aug,14,8%,-2.515306782,-2.230197237California-American Water Company Monterey District,36.778261,-119.4179324,100623,1182007320,11746.89008,Sep,14,8%,-2.515306782,-2.230197237California-American Water Company Monterey District,36.778261,-119.4179324,100623,862141167.3,8568.032829,Feb,15,8%,-2.515306782,-2.230197237California-American Water Company Sacramento District,36.778261,-119.4179324,201418,4652688294,23099.66485,Jul,14,20%,-2.515306782,-2.230197237California-American Water Company Sacramento District,36.778261,-119.4179324,201418,4286344597,21280.84182,Jun,14,20%,-2.515306782,-2.230197237California-American Water Company Sacramento District,36.778261,-119.4179324,201418,2377693939,11804.77385,Mar,15,20%,-2.515306782,-2.230197237California-American Water Company Sacramento District,36.778261,-119.4179324,201418,1829115839,9081.193532,Jan,15,20%,-2.515306782,-2.230197237California-American Water Company Sacramento District,36.778261,-119.4179324,201418,2553304552,12676.64534,May,15,20%,-2.515306782,-2.230197237California-American Water Company Sacramento District,36.778261,-119.4179324,201418,2351013756,11672.31209,Apr,15,20%,-2.515306782,-2.230197237California-American Water Company Sacramento District,36.778261,-119.4179324,201418,2090749379,10380.15162,Nov,14,20%,-2.515306782,-2.230197237California-American Water Company Sacramento District,36.778261,-119.4179324,201418,3126872965,15524.29756,Jun,15,20%,-2.515306782,-2.230197237California-American Water Company Sacramento District,36.778261,-119.4179324,201418,3188546988,15830.49672,Jul,15,20%,-2.515306782,-2.230197237California-American Water Company Sacramento District,36.778261,-119.4179324,201418,1973568736,9798.373212,Dec,14,20%,-2.515306782,-2.230197237California-American Water Company Sacramento District,36.778261,-119.4179324,201418,3802820257,18880.24038,Sep,14,20%,-2.515306782,-2.230197237California-American Water Company Sacramento District,36.778261,-119.4179324,201418,1793061205,8902.189502,Feb,15,20%,-2.515306782,-2.230197237California-American Water Company Sacramento District,36.778261,-119.4179324,201418,3362467733,16693.97836,Aug,15,20%,-2.515306782,-2.230197237California-American Water Company Sacramento District,36.778261,-119.4179324,201418,4006344533,19890.69762,Aug,14,20%,-2.515306782,-2.230197237California-American Water Company Sacramento District,36.778261,-119.4179324,201418,3144141692,15610.03332,Oct,14,20%,-2.515306782,-2.230197237California-American Water Company San Diego District,36.778261,-119.4179324,95358,746255678.1,7825.831898,Dec,14,8%,-2.515306782,-2.230197237California-American Water Company San Diego District,36.778261,-119.4179324,95358,1015154418,10645.71843,Jun,15,8%,-2.515306782,-2.230197237California-American Water Company San Diego District,36.778261,-119.4179324,95358,1099031090,11525.31607,Aug,15,8%,-2.515306782,-2.230197237California-American Water Company San Diego District,36.778261,-119.4179324,95358,969515641.3,10167.11384,Jul,15,8%,-2.515306782,-2.230197237California-American Water Company San Diego District,36.778261,-119.4179324,95358,1303788846,13672.56912,Aug,14,8%,-2.515306782,-2.230197237California-American Water Company San Diego District,36.778261,-119.4179324,95358,980616965.5,10283.53117,Nov,14,8%,-2.515306782,-2.230197237California-American Water Company San Diego District,36.778261,-119.4179324,95358,1161938593,12185.01429,Oct,14,8%,-2.515306782,-2.230197237California-American Water Company San Diego District,36.778261,-119.4179324,95359,1187841683,12456.52411,Sep,14,8%,-2.515306782,-2.230197237California-American Water Company San Diego District,36.778261,-119.4179324,95358,851274204.5,8927.139878,Jan,15,8%,-2.515306782,-2.230197237California-American Water Company San Diego District,36.778261,-119.4179324,95358,1340793260,14060.6269,Jul,14,8%,-2.515306782,-2.230197237California-American Water Company San Diego District,36.778261,-119.4179324,95358,1350661103,14164.10897,Jun,14,8%,-2.515306782,-2.230197237California-American Water Company San Diego District,36.778261,-119.4179324,95358,836349090.9,8770.62324,Feb,15,8%,-2.515306782,-2.230197237California-American Water Company San Diego District,36.778261,-119.4179324,95358,1050925352,11020.84095,Apr,15,8%,-2.515306782,-2.230197237California-American Water Company San Diego District,36.778261,-119.4179324,95358,1001573798,10503.30123,Mar,15,8%,-2.515306782,-2.230197237California-American Water Company San Diego District,36.778261,-119.4179324,95358,943612551.7,9895.473392,May,15,8%,-2.515306782,-2.230197237California-American Water Ventura District,36.778261,-119.4179324,62144,1713304359,27569.90793,Aug,15,32%,-2.515306782,-2.230197237California-American Water Ventura District,36.778261,-119.4179324,62144,1568987145,25247.60467,May,15,32%,-2.515306782,-2.230197237California-American Water Ventura District,36.778261,-119.4179324,62144,1582555430,25465.94088,Jul,15,32%,-2.515306782,-2.230197237California-American Water Ventura District,36.778261,-119.4179324,62144,2196828699,35350.61629,Jul,14,32%,-2.515306782,-2.230197237California-American Water Ventura District,36.778261,-119.4179324,62144,1566520184,25207.90718,Apr,15,32%,-2.515306782,-2.230197237California-American Water Ventura District,36.778261,-119.4179324,62144,1498678759,24116.22616,Nov,14,32%,-2.515306782,-2.230197237California-American Water Ventura District,36.778261,-119.4179324,62144,2105551145,33881.8091,Jun,14,32%,-2.515306782,-2.230197237California-American Water Ventura District,36.778261,-119.4179324,62144,1182451373,19027.6032,Feb,15,32%,-2.515306782,-2.230197237California-American Water Ventura District,36.778261,-119.4179324,62144,1201989704,19342.00733,Jan,15,32%,-2.515306782,-2.230197237California-American Water Ventura District,36.778261,-119.4179324,62144,904141177,14549.13068,Dec,14,32%,-2.515306782,-2.230197237California-American Water Ventura District,36.778261,-119.4179324,62144,1415307814,22774.64943,Mar,15,32%,-2.515306782,-2.230197237California-American Water Ventura District,36.778261,-119.4179324,62144,1872423338,30130.39614,Oct,14,32%,-2.515306782,-2.230197237California-American Water Ventura District,36.778261,-119.4179324,62144,2025374915,32591.64062,Sep,14,32%,-2.515306782,-2.230197237California-American Water Ventura District,36.778261,-119.4179324,62144,2110485067,33961.20408,Aug,14,32%,-2.515306782,-2.230197237California-American Water Ventura District,36.778261,-119.4179324,62144,1550484938,24949.87348,Jun,15,32%,-2.515306782,-2.230197237Camarillo  City of,34.2226853,-119.051646,45500,1104458404,24273.81107,Jul,14,20%,-2.517279735,-1.910993482Camarillo  City of,34.2226853,-119.051646,45717,1065110377,23297.90618,Aug,14,20%,-2.517279735,-1.910993482Camarillo  City of,34.2226853,-119.051646,47207,782149959.5,16568.51652,Nov,14,20%,-2.517279735,-1.910993482Camarillo  City of,34.2226853,-119.051646,46958,970625773.7,20670.08335,Sep,14,20%,-2.517279735,-1.910993482Camarillo  City of,34.2226853,-119.051646,47207,937445149.4,19858.18098,Oct,14,20%,-2.517279735,-1.910993482Camarillo  City of,34.2226853,-119.051646,46623,628828338.4,13487.51342,Feb,15,20%,-2.517279735,-1.910993482Camarillo  City of,34.2226853,-119.051646,47183,927577305.7,19659.14218,Aug,15,20%,-2.517279735,-1.910993482Camarillo  City of,34.2226853,-119.051646,46591,495242404.6,10629.57233,Dec,14,20%,-2.517279735,-1.910993482Camarillo  City of,34.2226853,-119.051646,45500,1080528883,23747.88753,Jun,14,20%,-2.517279735,-1.910993482Camarillo  City of,34.2226853,-119.051646,46809,801022210.5,17112.56832,Mar,15,20%,-2.517279735,-1.910993482Camarillo  City of,34.2226853,-119.051646,46764,852606363.4,18232.10939,May,15,20%,-2.517279735,-1.910993482Camarillo  City of,34.2226853,-119.051646,46639,657691781.1,14101.75564,Jan,15,20%,-2.517279735,-1.910993482Camarillo  City of,34.2226853,-119.051646,47091,855542046.8,18167.84623,Jul,15,20%,-2.517279735,-1.910993482Camarillo  City of,34.2226853,-119.051646,46736,837656580.2,17923.15517,Apr,15,20%,-2.517279735,-1.910993482Camarillo  City of,34.2226853,-119.051646,47018,848868917.6,18054.12645,Jun,15,20%,-2.517279735,-1.910993482Camrosa Water District,36.778261,-119.4179324,35738,608722606.9,17032.92313,Feb,15,32%,-2.515306782,-2.230197237Camrosa Water District,36.778261,-119.4179324,34483,859735880.4,24932.16601,Jun,15,32%,-2.515306782,-2.230197237Camrosa Water District,36.778261,-119.4179324,35738,805598423,22541.7881,Nov,14,32%,-2.515306782,-2.230197237Camrosa Water District,36.778261,-119.4179324,35783,967048680.4,27025.36625,Aug,15,32%,-2.515306782,-2.230197237Camrosa Water District,36.778261,-119.4179324,35738,774736741.9,21678.23443,Mar,15,32%,-2.515306782,-2.230197237Camrosa Water District,36.778261,-119.4179324,35738,617961375.5,17291.437,Jan,15,32%,-2.515306782,-2.230197237Camrosa Water District,36.778261,-119.4179324,35738,411131372,11504.03973,Dec,14,32%,-2.515306782,-2.230197237Camrosa Water District,36.778261,-119.4179324,35738,880211656,24629.57233,Apr,15,32%,-2.515306782,-2.230197237Camrosa Water District,36.778261,-119.4179324,35738,1025959707,28707.80981,Oct,14,32%,-2.515306782,-2.230197237Camrosa Water District,36.778261,-119.4179324,35738,1191295428,33334.13812,Jul,14,32%,-2.515306782,-2.230197237Camrosa Water District,36.778261,-119.4179324,35738,873797557.7,24450.09675,May,15,32%,-2.515306782,-2.230197237Camrosa Water District,36.778261,-119.4179324,26931,1153760618,42841.3582,Jun,14,32%,-2.515306782,-2.230197237Camrosa Water District,36.778261,-119.4179324,35783,836299751.7,23371.42642,Jul,15,32%,-2.515306782,-2.230197237Camrosa Water District,36.778261,-119.4179324,35738,1172201150,32799.85311,Aug,14,32%,-2.515306782,-2.230197237Camrosa Water District,36.778261,-119.4179324,35738,1093110383,30586.78111,Sep,14,32%,-2.515306782,-2.230197237Carlsbad Municipal Water District,36.778261,-119.4179324,84838,2120846302,24998.7777,Sep,14,28%,-2.515306782,-2.230197237Carlsbad Municipal Water District,36.778261,-119.4179324,84838,1986026888,23409.63823,Oct,14,28%,-2.515306782,-2.230197237Carlsbad Municipal Water District,36.778261,-119.4179324,84838,2141322078,25240.12916,Aug,14,28%,-2.515306782,-2.230197237Carlsbad Municipal Water District,36.778261,-119.4179324,84838,1575524591,18570.97752,Jul,15,28%,-2.515306782,-2.230197237Carlsbad Municipal Water District,36.778261,-119.4179324,84838,1607471735,18947.54397,Jun,15,28%,-2.515306782,-2.230197237Carlsbad Municipal Water District,36.778261,-119.4179324,84838,1639912271,19329.92611,Nov,14,28%,-2.515306782,-2.230197237Carlsbad Municipal Water District,36.778261,-119.4179324,84838,1435524559,16920.77323,May,15,28%,-2.515306782,-2.230197237Carlsbad Municipal Water District,36.778261,-119.4179324,84838,1691348406,19936.21262,Aug,15,28%,-2.515306782,-2.230197237Carlsbad Municipal Water District,36.778261,-119.4179324,84838,2306485112,27186.93406,Jul,14,28%,-2.515306782,-2.230197237Carlsbad Municipal Water District,36.778261,-119.4179324,84838,2159084197,25449.49429,Jun,14,28%,-2.515306782,-2.230197237Carlsbad Municipal Water District,36.778261,-119.4179324,84838,1349550971,15907.38786,Feb,15,28%,-2.515306782,-2.230197237Carlsbad Municipal Water District,36.778261,-119.4179324,84838,1255313064,14796.58955,Jan,15,28%,-2.515306782,-2.230197237Carlsbad Municipal Water District,36.778261,-119.4179324,84838,1161198505,13687.24516,Dec,14,28%,-2.515306782,-2.230197237Carlsbad Municipal Water District,36.778261,-119.4179324,84838,1586255871,18697.46895,Mar,15,28%,-2.515306782,-2.230197237Carlsbad Municipal Water District,36.778261,-119.4179324,84838,1642502580,19360.45852,Apr,15,28%,-2.515306782,-2.230197237Carmichael Water District,36.778261,-119.4179324,38354,910391714.5,23736.55198,Oct,14,36%,-2.515306782,-2.230197237Carmichael Water District,36.778261,-119.4179324,38354,1115371803,29080.9773,Sep,14,36%,-2.515306782,-2.230197237Carmichael Water District,36.778261,-119.4179324,38354,1412753812,36834.58862,Jul,14,36%,-2.515306782,-2.230197237Carmichael Water District,36.778261,-119.4179324,38354,441871205.1,11520.86367,Dec,14,36%,-2.515306782,-2.230197237Carmichael Water District,36.778261,-119.4179324,38354,420105083.1,10953.35775,Feb,15,36%,-2.515306782,-2.230197237Carmichael Water District,36.778261,-119.4179324,38354,1355442666,35340.32086,Jun,14,36%,-2.515306782,-2.230197237Carmichael Water District,36.778261,-119.4179324,37899,1282270642,33833.89118,Aug,14,36%,-2.515306782,-2.230197237Carmichael Water District,36.778261,-119.4179324,38354,457050709.4,11916.63736,Jan,15,36%,-2.515306782,-2.230197237Carmichael Water District,36.778261,-119.4179324,38354,966945777.8,25211.0804,Jun,15,36%,-2.515306782,-2.230197237Carmichael Water District,36.778261,-119.4179324,38354,581552927.6,15162.77123,Nov,14,36%,-2.515306782,-2.230197237Carmichael Water District,36.778261,-119.4179324,38354,1088911770,28391.08749,Jul,15,36%,-2.515306782,-2.230197237Carmichael Water District,36.778261,-119.4179324,38354,810267553,21126.02474,May,15,36%,-2.515306782,-2.230197237Carmichael Water District,36.778261,-119.4179324,38354,665589085.9,17353.83756,Apr,15,36%,-2.515306782,-2.230197237Carmichael Water District,36.778261,-119.4179324,38354,639280468.8,16667.89562,Mar,15,36%,-2.515306782,-2.230197237Carmichael Water District,36.778261,-119.4179324,38354,1073845828,27998.2747,Aug,15,36%,-2.515306782,-2.230197237Carpinteria Valley Water District,36.778261,-119.4179324,14616,429374548,29377.02162,Mar,15,20%,-2.515306782,-2.230197237Carpinteria Valley Water District,36.778261,-119.4179324,14616,456079400,31204.11877,Apr,15,20%,-2.515306782,-2.230197237Carpinteria Valley Water District,36.778261,-119.4179324,14616,527436244.6,36086.22363,Oct,14,20%,-2.515306782,-2.230197237Carpinteria Valley Water District,36.778261,-119.4179324,14616,399622999.3,27341.47505,Jun,15,20%,-2.515306782,-2.230197237Carpinteria Valley Water District,36.778261,-119.4179324,14616,441956048.7,30237.8249,May,15,20%,-2.515306782,-2.230197237Carpinteria Valley Water District,36.778261,-119.4179324,14616,575949031,39405.37979,Sep,14,20%,-2.515306782,-2.230197237Carpinteria Valley Water District,36.778261,-119.4179324,14616,274819446.4,18802.64412,Jan,15,20%,-2.515306782,-2.230197237Carpinteria Valley Water District,36.778261,-119.4179324,14616,229057321.4,15671.68318,Dec,14,20%,-2.515306782,-2.230197237Carpinteria Valley Water District,36.778261,-119.4179324,14616,383489074.9,26237.62144,Nov,14,20%,-2.515306782,-2.230197237Carpinteria Valley Water District,36.778261,-119.4179324,14616,494995708.5,33866.70146,Jul,15,20%,-2.515306782,-2.230197237Carpinteria Valley Water District,36.778261,-119.4179324,14616,512967518.8,35096.29986,Aug,14,20%,-2.515306782,-2.230197237Carpinteria Valley Water District,36.778261,-119.4179324,14616,559297044.8,38266.08134,Jul,14,20%,-2.515306782,-2.230197237Carpinteria Valley Water District,36.778261,-119.4179324,14616,273832662.1,18735.13014,Feb,15,20%,-2.515306782,-2.230197237Carpinteria Valley Water District,36.778261,-119.4179324,14616,523859151.2,35841.48544,Aug,15,20%,-2.515306782,-2.230197237Carpinteria Valley Water District,36.778261,-119.4179324,14616,558112903.6,38185.06456,Jun,14,20%,-2.515306782,-2.230197237Casitas Municipal Water District,36.778261,-119.4179324,9603,1232999402,128397.3136,May,15,32%,-2.515306782,-2.230197237Casitas Municipal Water District,36.778261,-119.4179324,9603,1715771319,178670.3446,Jun,15,32%,-2.515306782,-2.230197237Casitas Municipal Water District,36.778261,-119.4179324,9603,1799561647,187395.7771,Jul,14,32%,-2.515306782,-2.230197237Casitas Municipal Water District,36.778261,-119.4179324,9603,1611233850,167784.4268,Jun,14,32%,-2.515306782,-2.230197237Casitas Municipal Water District,36.778261,-119.4179324,9603,1658833861,172741.2123,Oct,14,32%,-2.515306782,-2.230197237Casitas Municipal Water District,36.778261,-119.4179324,9603,274387728.3,28573.12593,Dec,14,32%,-2.515306782,-2.230197237Casitas Municipal Water District,36.778261,-119.4179324,9603,1541850575,160559.2601,Aug,15,32%,-2.515306782,-2.230197237Casitas Municipal Water District,36.778261,-119.4179324,9603,477418611.9,49715.56929,Jan,15,32%,-2.515306782,-2.230197237Casitas Municipal Water District,36.778261,-119.4179324,9603,534800122.9,55690.94272,Feb,15,32%,-2.515306782,-2.230197237Casitas Municipal Water District,36.778261,-119.4179324,9603,1823478833,189886.3723,Aug,14,32%,-2.515306782,-2.230197237Casitas Municipal Water District,36.778261,-119.4179324,9603,1022690984,106497.0305,Mar,15,32%,-2.515306782,-2.230197237Casitas Municipal Water District,36.778261,-119.4179324,9603,1116682195,116284.723,Jul,15,32%,-2.515306782,-2.230197237Casitas Municipal Water District,36.778261,-119.4179324,9603,905164965.7,94258.56146,Nov,14,32%,-2.515306782,-2.230197237Casitas Municipal Water District,36.778261,-119.4179324,9603,1762853269,183573.1822,Sep,14,32%,-2.515306782,-2.230197237Casitas Municipal Water District,36.778261,-119.4179324,9603,1183771197,123270.9775,Apr,15,32%,-2.515306782,-2.230197237Castaic Lake Water Agency Santa Clarita Water Division,36.778261,-119.4179324,118800,3837357710,32300.99083,Jun,14,32%,-2.515306782,-2.230197237Castaic Lake Water Agency Santa Clarita Water Division,36.778261,-119.4179324,121688,2614978575,21489.20661,Jun,15,32%,-2.515306782,-2.230197237Castaic Lake Water Agency Santa Clarita Water Division,36.778261,-119.4179324,119650,1308722768,10937.92535,Dec,14,32%,-2.515306782,-2.230197237Castaic Lake Water Agency Santa Clarita Water Division,36.778261,-119.4179324,121688,2222731788,18265.82562,May,15,32%,-2.515306782,-2.230197237Castaic Lake Water Agency Santa Clarita Water Division,36.778261,-119.4179324,121688,2596476368,21337.16034,Jul,15,32%,-2.515306782,-2.230197237Castaic Lake Water Agency Santa Clarita Water Division,36.778261,-119.4179324,119650,3141674731,26257.20628,Sep,14,32%,-2.515306782,-2.230197237Castaic Lake Water Agency Santa Clarita Water Division,36.778261,-119.4179324,118800,4086520763,34398.32292,Jul,14,32%,-2.515306782,-2.230197237Castaic Lake Water Agency Santa Clarita Water Division,36.778261,-119.4179324,119650,1742907890,14566.71868,Jan,15,32%,-2.515306782,-2.230197237Castaic Lake Water Agency Santa Clarita Water Division,36.778261,-119.4179324,119650,2164758207,18092.42129,Apr,15,32%,-2.515306782,-2.230197237Castaic Lake Water Agency Santa Clarita Water Division,36.778261,-119.4179324,121688,2822203292,23192.12488,Aug,15,32%,-2.515306782,-2.230197237Castaic Lake Water Agency Santa Clarita Water Division,36.778261,-119.4179324,119650,1703436515,14236.82837,Feb,15,32%,-2.515306782,-2.230197237Castaic Lake Water Agency Santa Clarita Water Division,36.778261,-119.4179324,118800,3636300395,30608.58919,Aug,14,32%,-2.515306782,-2.230197237Castaic Lake Water Agency Santa Clarita Water Division,36.778261,-119.4179324,119650,2186960855,18277.98458,Nov,14,32%,-2.515306782,-2.230197237Castaic Lake Water Agency Santa Clarita Water Division,36.778261,-119.4179324,119650,2022907954,16906.87801,Mar,15,32%,-2.515306782,-2.230197237Castaic Lake Water Agency Santa Clarita Water Division,36.778261,-119.4179324,119650,2915947807,24370.64611,Oct,14,32%,-2.515306782,-2.230197237Ceres  City of,37.6314138,-121.0102313,45719,554385021.9,12125.92187,Nov,14,28%,-2.208901194,-1.458282584Ceres  City of,37.6314138,-121.0102313,45719,1125577275,24619.46402,Jul,14,28%,-2.208901194,-1.458282584Ceres  City of,37.6314138,-121.0102313,45719,797029965.3,17433.23269,Oct,14,28%,-2.208901194,-1.458282584Ceres  City of,37.6314138,-121.0102313,46989,776028496.6,16515.10985,May,15,28%,-2.208901194,-1.458282584Ceres  City of,37.6314138,-121.0102313,45719,469167814.9,10261.98768,Dec,14,28%,-2.208901194,-1.458282584Ceres  City of,37.6314138,-121.0102313,46463,713236073.5,15350.62466,Apr,15,28%,-2.208901194,-1.458282584Ceres  City of,37.6314138,-121.0102313,45719,1158268098,25334.50202,Jun,14,28%,-2.208901194,-1.458282584Ceres  City of,37.6314138,-121.0102313,46989,866749693.4,18445.79994,Jun,15,28%,-2.208901194,-1.458282584Ceres  City of,37.6314138,-121.0102313,45719,921286131.8,20151.05605,Sep,14,28%,-2.208901194,-1.458282584Ceres  City of,37.6314138,-121.0102313,46463,458091697.8,9859.27938,Jan,15,28%,-2.208901194,-1.458282584Ceres  City of,37.6314138,-121.0102313,47639,852387838.2,17892.64758,Aug,15,28%,-2.208901194,-1.458282584Ceres  City of,37.6314138,-121.0102313,47639,867972381.6,18219.78592,Jul,15,28%,-2.208901194,-1.458282584Ceres  City of,37.6314138,-121.0102313,45719,1075674182,23527.94641,Aug,14,28%,-2.208901194,-1.458282584Ceres  City of,37.6314138,-121.0102313,46463,647899853.1,13944.42574,Mar,15,28%,-2.208901194,-1.458282584Ceres  City of,37.6314138,-121.0102313,46463,439626455.5,9461.861169,Feb,15,28%,-2.208901194,-1.458282584Cerritos  City of,34.127916,-117.3679017,49041,888105931,18109.45802,Oct,14,28%,-2.148205733,-1.599520796Cerritos  City of,34.127916,-117.3679017,49041,623425693.9,12712.33649,Feb,15,28%,-2.148205733,-1.599520796Cerritos  City of,34.127916,-117.3679017,49041,711755229.7,14513.47301,May,15,28%,-2.148205733,-1.599520796Cerritos  City of,34.127916,-117.3679017,49041,747994885.6,15252.4395,Jul,15,28%,-2.148205733,-1.599520796Cerritos  City of,34.127916,-117.3679017,49041,765670660.6,15612.86802,Aug,15,28%,-2.148205733,-1.599520796Cerritos  City of,34.127916,-117.3679017,49041,982923573.9,20042.89419,Aug,14,28%,-2.148205733,-1.599520796Cerritos  City of,34.127916,-117.3679017,49041,647293540.8,13199.02818,Jan,15,28%,-2.148205733,-1.599520796Cerritos  City of,34.127916,-117.3679017,49041,714949944.1,14578.61675,Apr,15,28%,-2.148205733,-1.599520796Cerritos  City of,34.127916,-117.3679017,49041,737954354.6,15047.70202,Mar,15,28%,-2.148205733,-1.599520796Cerritos  City of,34.127916,-117.3679017,49041,764757885,15594.25552,Nov,14,28%,-2.148205733,-1.599520796Cerritos  City of,34.127916,-117.3679017,49041,1112599375,22687.12658,Jul,14,28%,-2.148205733,-1.599520796Cerritos  City of,34.127916,-117.3679017,49041,582202777,11871.75582,Dec,14,28%,-2.148205733,-1.599520796Cerritos  City of,34.127916,-117.3679017,49041,920176422.9,18763.41068,Sep,14,28%,-2.148205733,-1.599520796Cerritos  City of,34.127916,-117.3679017,49041,790883001.2,16126.97541,Jun,15,28%,-2.148205733,-1.599520796Cerritos  City of,34.127916,-117.3679017,49041,1016387899,20725.26863,Jun,14,28%,-2.148205733,-1.599520796Chino  City of,34.0557195,-117.65076,78073,1543552778,19770.63489,Jun,15,24%,-2.427716438,-1.880812974Chino  City of,34.0557195,-117.65076,78073,1581050584,20250.92649,Aug,15,24%,-2.427716438,-1.880812974Chino  City of,34.0557195,-117.65076,78073,1315642593,16851.44151,May,15,24%,-2.427716438,-1.880812974Chino  City of,34.0557195,-117.65076,78073,1538236477,19702.54092,Jul,15,24%,-2.427716438,-1.880812974Chino  City of,34.0557195,-117.65076,76618,1657748399,21636.5397,Oct,14,24%,-2.427716438,-1.880812974Chino  City of,34.0557195,-117.65076,78073,1379154502,17664.93541,Mar,15,24%,-2.427716438,-1.880812974Chino  City of,34.0557195,-117.65076,78073,1131409952,14491.69305,Feb,15,24%,-2.427716438,-1.880812974Chino  City of,34.0557195,-117.65076,78073,1579249702,20227.85985,Apr,15,24%,-2.427716438,-1.880812974Chino  City of,34.0557195,-117.65076,76618,1410595919,18410.76404,Nov,14,24%,-2.427716438,-1.880812974Chino  City of,34.0557195,-117.65076,76618,1822603062,23788.18374,Sep,14,24%,-2.427716438,-1.880812974Chino  City of,34.0557195,-117.65076,76618,1096391441,14309.84157,Jan,15,24%,-2.427716438,-1.880812974Chino  City of,34.0557195,-117.65076,76618,962238106.6,12558.904,Dec,14,24%,-2.427716438,-1.880812974Chino  City of,34.0557195,-117.65076,76618,1948886792,25436.40909,Jun,14,24%,-2.427716438,-1.880812974Chino  City of,34.0557195,-117.65076,76618,2009968744,26233.63627,Jul,14,24%,-2.427716438,-1.880812974Chino  City of,34.0557195,-117.65076,76618,2013570507,26280.64563,Aug,14,24%,-2.427716438,-1.880812974Chino Hills  City of,33.9878942,-117.7148128,77596,1492302076,19231.68818,Jun,15,28%,-2.473560186,-1.812376822Chino Hills  City of,33.9878942,-117.7148128,74738,1929011053,25810.3114,Sep,14,28%,-2.473560186,-1.812376822Chino Hills  City of,33.9878942,-117.7148128,77596,1409520676,18164.86257,Jul,15,28%,-2.473560186,-1.812376822Chino Hills  City of,33.9878942,-117.7148128,74738,1003715961,13429.79422,Feb,15,28%,-2.473560186,-1.812376822Chino Hills  City of,33.9878942,-117.7148128,76131,1325357510,17408.90714,May,15,28%,-2.473560186,-1.812376822Chino Hills  City of,33.9878942,-117.7148128,74738,1326716431,17751.56455,Mar,15,28%,-2.473560186,-1.812376822Chino Hills  City of,33.9878942,-117.7148128,74738,703224538.6,9409.196641,Dec,14,28%,-2.473560186,-1.812376822Chino Hills  City of,33.9878942,-117.7148128,74738,952862873.2,12749.37613,Jan,15,28%,-2.473560186,-1.812376822Chino Hills  City of,33.9878942,-117.7148128,76131,1400434429,18395.06153,Apr,15,28%,-2.473560186,-1.812376822Chino Hills  City of,33.9878942,-117.7148128,74738,1538248641,20581.88125,Aug,15,28%,-2.473560186,-1.812376822Chino Hills  City of,33.9878942,-117.7148128,74738,1760642248,23557.52426,Oct,14,28%,-2.473560186,-1.812376822Chino Hills  City of,33.9878942,-117.7148128,74738,1989355738,26617.72777,Jul,14,28%,-2.473560186,-1.812376822Chino Hills  City of,33.9878942,-117.7148128,74738,1851012038,24766.67877,Jun,14,28%,-2.473560186,-1.812376822Chino Hills  City of,33.9878942,-117.7148128,74738,1440197023,19269.94331,Nov,14,28%,-2.473560186,-1.812376822Chino Hills  City of,33.9878942,-117.7148128,74738,1949864967,26089.33831,Aug,14,28%,-2.473560186,-1.812376822Citrus Heights Water District,36.778261,-119.4179324,67333,1313656690,19509.8494,Jun,15,32%,-2.515306782,-2.230197237Citrus Heights Water District,36.778261,-119.4179324,67333,1465374786,21763.09961,Aug,15,32%,-2.515306782,-2.230197237Citrus Heights Water District,36.778261,-119.4179324,67333,938678629.8,13940.84074,Apr,15,32%,-2.515306782,-2.230197237Citrus Heights Water District,36.778261,-119.4179324,67333,1071894519,15919.30435,May,15,32%,-2.515306782,-2.230197237Citrus Heights Water District,36.778261,-119.4179324,67333,1461674345,21708.14229,Jul,15,32%,-2.515306782,-2.230197237Citrus Heights Water District,36.778261,-119.4179324,67333,1271718354,18886.99975,Oct,14,32%,-2.515306782,-2.230197237Citrus Heights Water District,36.778261,-119.4179324,67475,2000705306,29651.06048,Jul,14,32%,-2.515306782,-2.230197237Citrus Heights Water District,36.778261,-119.4179324,67333,1572687586,23356.86196,Sep,14,32%,-2.515306782,-2.230197237Citrus Heights Water District,36.778261,-119.4179324,67475,1909427752,28298.29939,Jun,14,32%,-2.515306782,-2.230197237Citrus Heights Water District,36.778261,-119.4179324,67333,703083862,10441.89123,Jan,15,32%,-2.515306782,-2.230197237Citrus Heights Water District,36.778261,-119.4179324,67333,1821850639,27057.32165,Aug,14,32%,-2.515306782,-2.230197237Citrus Heights Water District,36.778261,-119.4179324,67333,895506813.7,13299.67198,Mar,15,32%,-2.515306782,-2.230197237Citrus Heights Water District,36.778261,-119.4179324,67333,694449498.8,10313.65748,Dec,14,32%,-2.515306782,-2.230197237Citrus Heights Water District,36.778261,-119.4179324,67333,630308514.9,9361.06389,Feb,15,32%,-2.515306782,-2.230197237Citrus Heights Water District,36.778261,-119.4179324,67333,841233673.5,12493.63126,Nov,14,32%,-2.515306782,-2.230197237"City of Big Bear Lake, Dept of Water & Power",34.2589679,-116.8550089,25565,307261935.4,12018.85138,Aug,14,16%,-1.799823671,-1.639715551"City of Big Bear Lake, Dept of Water & Power",34.2589679,-116.8550089,25616,282883878.7,11043.24948,Jul,15,16%,-1.799823671,-1.639715551"City of Big Bear Lake, Dept of Water & Power",34.2589679,-116.8550089,25558,316460487.9,12382.05211,Jun,14,16%,-1.799823671,-1.639715551"City of Big Bear Lake, Dept of Water & Power",34.2589679,-116.8550089,25598,171592750.2,6703.365504,Apr,15,16%,-1.799823671,-1.639715551"City of Big Bear Lake, Dept of Water & Power",34.2589679,-116.8550089,25588,213270142.2,8334.771853,Jan,15,16%,-1.799823671,-1.639715551"City of Big Bear Lake, Dept of Water & Power",34.2589679,-116.8550089,25607,226556940.2,8847.461248,May,15,16%,-1.799823671,-1.639715551"City of Big Bear Lake, Dept of Water & Power",34.2589679,-116.8550089,25589,182684008.9,7139.161706,Dec,14,16%,-1.799823671,-1.639715551"City of Big Bear Lake, Dept of Water & Power",34.2589679,-116.8550089,25605,160728616.2,6277.235548,Mar,15,16%,-1.799823671,-1.639715551"City of Big Bear Lake, Dept of Water & Power",34.2589679,-116.8550089,25610,245105461.6,9570.693541,Jun,15,16%,-1.799823671,-1.639715551"City of Big Bear Lake, Dept of Water & Power",34.2589679,-116.8550089,25619,288864830.5,11275.41397,Aug,15,16%,-1.799823671,-1.639715551"City of Big Bear Lake, Dept of Water & Power",34.2589679,-116.8550089,25570,281483276,11008.34087,Sep,14,16%,-1.799823671,-1.639715551"City of Big Bear Lake, Dept of Water & Power",34.2589679,-116.8550089,25582,166633859.8,6513.715103,Nov,14,16%,-1.799823671,-1.639715551"City of Big Bear Lake, Dept of Water & Power",34.2589679,-116.8550089,25602,157700286.2,6159.686203,Feb,15,16%,-1.799823671,-1.639715551"City of Big Bear Lake, Dept of Water & Power",34.2589679,-116.8550089,25561,349507139.3,13673.45328,Jul,14,16%,-1.799823671,-1.639715551"City of Big Bear Lake, Dept of Water & Power",34.2589679,-116.8550089,25581,240600820.7,9405.450165,Oct,14,16%,-1.799823671,-1.639715551City of Newman Water Department,36.778261,-119.4179324,10668,264089305.5,24755.27798,Aug,15,24%,-2.515306782,-2.230197237City of Newman Water Department,36.778261,-119.4179324,10668,271050679.1,25407.82519,Jul,15,24%,-2.515306782,-2.230197237City of Newman Water Department,36.778261,-119.4179324,10668,252596793,23677.98959,Jun,15,24%,-2.515306782,-2.230197237City of Newman Water Department,36.778261,-119.4179324,10668,211328225.6,19809.54495,May,15,24%,-2.515306782,-2.230197237City of Newman Water Department,36.778261,-119.4179324,10668,199460957.3,18697.1276,Apr,15,24%,-2.515306782,-2.230197237City of Newman Water Department,36.778261,-119.4179324,10668,185148312.5,17355.48486,Mar,15,24%,-2.515306782,-2.230197237City of Newman Water Department,36.778261,-119.4179324,10668,106309525.6,9965.272367,Feb,15,24%,-2.515306782,-2.230197237City of Newman Water Department,36.778261,-119.4179324,10668,114221037.8,10706.88393,Jan,15,24%,-2.515306782,-2.230197237City of Newman Water Department,36.778261,-119.4179324,10668,128900867.6,12082.94597,Dec,14,24%,-2.515306782,-2.230197237City of Newman Water Department,36.778261,-119.4179324,10668,130638372,12245.81665,Nov,14,24%,-2.515306782,-2.230197237City of Newman Water Department,36.778261,-119.4179324,10668,259092560.9,24286.89172,Oct,14,24%,-2.515306782,-2.230197237City of Newman Water Department,36.778261,-119.4179324,10668,268525808.9,25171.14819,Sep,14,24%,-2.515306782,-2.230197237City of Newman Water Department,36.778261,-119.4179324,10668,345505958.2,32387.13519,Aug,14,24%,-2.515306782,-2.230197237City of Newman Water Department,36.778261,-119.4179324,10668,345903426.6,32424.39319,Jul,14,24%,-2.515306782,-2.230197237Clovis  City of,36.8664951,-119.6151525,106076,2834940872,26725.56348,Oct,14,36%,-2.481074327,-2.266446412Clovis  City of,36.8664951,-119.6151525,108277,2807386854,25927.82266,Jun,15,36%,-2.481074327,-2.266446412Clovis  City of,36.8664951,-119.6151525,106076,3983170056,37550.15325,Jul,14,36%,-2.481074327,-2.266446412Clovis  City of,36.8664951,-119.6151525,106076,1711899823,16138.42738,Nov,14,36%,-2.481074327,-2.266446412Clovis  City of,36.8664951,-119.6151525,106076,1244658783,11733.65118,Dec,14,36%,-2.481074327,-2.266446412Clovis  City of,36.8664951,-119.6151525,108227,2831893615,26166.23961,Jul,15,36%,-2.481074327,-2.266446412Clovis  City of,36.8664951,-119.6151525,108227,2930363551,27076.08592,Aug,15,36%,-2.481074327,-2.266446412Clovis  City of,36.8664951,-119.6151525,108227,1932487167,17855.86931,Mar,15,36%,-2.481074327,-2.266446412Clovis  City of,36.8664951,-119.6151525,106076,3866382508,36449.17331,Jun,14,36%,-2.481074327,-2.266446412Clovis  City of,36.8664951,-119.6151525,108227,2268889209,20964.16983,May,15,36%,-2.481074327,-2.266446412Clovis  City of,36.8664951,-119.6151525,106076,3679114365,34683.75848,Aug,14,36%,-2.481074327,-2.266446412Clovis  City of,36.8664951,-119.6151525,108227,1136676105,10502.70362,Feb,15,36%,-2.481074327,-2.266446412Clovis  City of,36.8664951,-119.6151525,108227,1273912451,11770.74529,Jan,15,36%,-2.481074327,-2.266446412Clovis  City of,36.8664951,-119.6151525,108227,2225042775,20559.03587,Apr,15,36%,-2.481074327,-2.266446412Clovis  City of,36.8664951,-119.6151525,106076,3351361991,31593.97028,Sep,14,36%,-2.481074327,-2.266446412Coachella  City of,33.6794974,-116.1762919,43633,564026467.6,12926.60297,Jan,15,24%,-2.281642671,-1.236465191Coachella  City of,33.6794974,-116.1762919,43917,797699983.3,18163.80862,Jun,15,24%,-2.281642671,-1.236465191Coachella  City of,33.6794974,-116.1762919,45591,742887209.8,16294.60222,Apr,15,24%,-2.281642671,-1.236465191Coachella  City of,33.6794974,-116.1762919,45591,773132656,16958.01048,May,15,24%,-2.281642671,-1.236465191Coachella  City of,33.6794974,-116.1762919,43917,756325424.3,17221.70058,Aug,15,24%,-2.281642671,-1.236465191Coachella  City of,33.6794974,-116.1762919,43917,759808003.9,17300.9997,Jul,15,24%,-2.281642671,-1.236465191Coachella  City of,33.6794974,-116.1762919,43633,552670230,12666.3358,Dec,14,24%,-2.281642671,-1.236465191Coachella  City of,33.6794974,-116.1762919,45591,682320609.3,14966.1251,Nov,14,24%,-2.281642671,-1.236465191Coachella  City of,33.6794974,-116.1762919,43633,728199809.2,16689.19875,Oct,14,24%,-2.281642671,-1.236465191Coachella  City of,33.6794974,-116.1762919,45591,790394137.2,17336.62646,Sep,14,24%,-2.281642671,-1.236465191Coachella  City of,33.6794974,-116.1762919,43633,1040950593,23856.95673,Aug,14,24%,-2.281642671,-1.236465191Coachella  City of,33.6794974,-116.1762919,45591,670926517.6,14716.20534,Mar,15,24%,-2.281642671,-1.236465191Coachella  City of,33.6794974,-116.1762919,43633,539799827.4,12371.36634,Feb,15,24%,-2.281642671,-1.236465191Coachella Valley Water District,36.778261,-119.4179324,301633,13579509729,45019.97371,Jun,14,36%,-2.515306782,-2.230197237Coachella Valley Water District,36.778261,-119.4179324,301633,11606064341,38477.43563,Nov,14,36%,-2.515306782,-2.230197237Coachella Valley Water District,36.778261,-119.4179324,301633,11125747050,36885.0459,Oct,14,36%,-2.515306782,-2.230197237Coachella Valley Water District,36.778261,-119.4179324,318217,10835262402,34049.91689,Apr,15,36%,-2.515306782,-2.230197237Coachella Valley Water District,36.778261,-119.4179324,318217,8367191350,26293.97974,Mar,15,36%,-2.515306782,-2.230197237Coachella Valley Water District,36.778261,-119.4179324,318217,11846469683,37227.64555,Aug,15,36%,-2.515306782,-2.230197237Coachella Valley Water District,36.778261,-119.4179324,318217,11639368314,36576.82749,May,15,36%,-2.515306782,-2.230197237Coachella Valley Water District,36.778261,-119.4179324,301633,15485853779,51340.05158,Aug,14,36%,-2.515306782,-2.230197237Coachella Valley Water District,36.778261,-119.4179324,301633,7590468705,25164.58314,Jan,15,36%,-2.515306782,-2.230197237Coachella Valley Water District,36.778261,-119.4179324,301633,16403563241,54382.52194,Jul,14,36%,-2.515306782,-2.230197237Coachella Valley Water District,36.778261,-119.4179324,301633,7581094253,25133.50414,Dec,14,36%,-2.515306782,-2.230197237Coachella Valley Water District,36.778261,-119.4179324,318217,9884989056,31063.67371,Jul,15,36%,-2.515306782,-2.230197237Coachella Valley Water District,36.778261,-119.4179324,301633,11330874851,37565.10346,Sep,14,36%,-2.515306782,-2.230197237Coachella Valley Water District,36.778261,-119.4179324,318217,11549200892,36293.4755,Jun,15,36%,-2.515306782,-2.230197237Coachella Valley Water District,36.778261,-119.4179324,301633,8215473254,27236.65267,Feb,15,36%,-2.515306782,-2.230197237Coalinga City of,36.1397061,-120.3655095,16529,489691742.5,29626.2171,Aug,15,32%,-2.471736622,-1.968684112Coalinga City of,36.1397061,-120.3655095,16529,434185121.8,26268.08166,Jul,15,32%,-2.471736622,-1.968684112Coalinga City of,36.1397061,-120.3655095,16529,456387770.1,27611.33584,Jun,15,32%,-2.471736622,-1.968684112Coalinga City of,36.1397061,-120.3655095,16467,469956055.1,28539.26369,Sep,14,32%,-2.471736622,-1.968684112Coalinga City of,36.1397061,-120.3655095,16467,527929636.8,32059.85527,Aug,14,32%,-2.471736622,-1.968684112Coalinga City of,36.1397061,-120.3655095,16467,603171944.8,36629.13371,Jul,14,32%,-2.471736622,-1.968684112Coastside County Water District,36.778261,-119.4179324,16668,185068818.8,11103.24087,Mar,15,8%,-2.515306782,-2.230197237Coastside County Water District,36.778261,-119.4179324,16668,217017700.6,13020.02043,Jul,15,8%,-2.515306782,-2.230197237Coastside County Water District,36.778261,-119.4179324,16668,215276410.8,12915.55141,Jun,15,8%,-2.515306782,-2.230197237Coastside County Water District,36.778261,-119.4179324,16668,190519812.8,11430.27435,Feb,15,8%,-2.515306782,-2.230197237Coastside County Water District,36.778261,-119.4179324,16668,203579486.1,12213.79206,Jan,15,8%,-2.515306782,-2.230197237Coastside County Water District,36.778261,-119.4179324,16652,148047484.2,8890.672845,Dec,14,8%,-2.515306782,-2.230197237Coastside County Water District,36.778261,-119.4179324,16668,167277379.9,10035.83993,May,15,8%,-2.515306782,-2.230197237Coastside County Water District,36.778261,-119.4179324,16668,185030964.7,11100.9698,Apr,15,8%,-2.515306782,-2.230197237Coastside County Water District,36.778261,-119.4179324,16668,234695577.1,14080.60818,Aug,15,8%,-2.515306782,-2.230197237Coastside County Water District,36.778261,-119.4179324,16652,256764532.2,15419.44104,Jun,14,8%,-2.515306782,-2.230197237Coastside County Water District,36.778261,-119.4179324,16652,216260618.1,12987.0657,Oct,14,8%,-2.515306782,-2.230197237Coastside County Water District,36.778261,-119.4179324,16652,283489544.7,17024.35411,Aug,14,8%,-2.515306782,-2.230197237Coastside County Water District,36.778261,-119.4179324,16652,175529579.2,10541.05088,Nov,14,8%,-2.515306782,-2.230197237Coastside County Water District,36.778261,-119.4179324,16652,227995396.9,13691.77258,Sep,14,8%,-2.515306782,-2.230197237Coastside County Water District,36.778261,-119.4179324,16652,282997441.1,16994.80189,Jul,14,8%,-2.515306782,-2.230197237"Colton, City of",37.7726825,-122.4206911,47612,898960559,18880.96612,Mar,15,20%,-1.940198357,-1.318344145"Colton, City of",37.7726825,-122.4206911,47429,1328458455,28009.41312,Jun,14,20%,-1.940198357,-1.318344145"Colton, City of",37.7726825,-122.4206911,47612,1394202964,29282.59606,Jul,14,20%,-1.940198357,-1.318344145"Colton, City of",37.7726825,-122.4206911,47612,718379019.7,15088.19247,Feb,15,20%,-1.940198357,-1.318344145"Colton, City of",37.7726825,-122.4206911,47612,957920925,20119.31708,Apr,15,20%,-1.940198357,-1.318344145"Colton, City of",37.7726825,-122.4206911,47429,1128264576,23788.49599,Aug,15,20%,-1.940198357,-1.318344145"Colton, City of",37.7726825,-122.4206911,47612,1052652224,22108.96884,Jul,15,20%,-1.940198357,-1.318344145"Colton, City of",37.7726825,-122.4206911,47612,1080528883,22694.46532,Jun,15,20%,-1.940198357,-1.318344145"Colton, City of",37.7726825,-122.4206911,47612,754890041.3,15855.03741,Jan,15,20%,-1.940198357,-1.318344145"Colton, City of",37.7726825,-122.4206911,47612,1173903353,24655.61946,Sep,14,20%,-1.940198357,-1.318344145"Colton, City of",37.7726825,-122.4206911,47612,1225216141,25733.34749,Aug,14,20%,-1.940198357,-1.318344145"Colton, City of",37.7726825,-122.4206911,47612,947189645,19893.92685,May,15,20%,-1.940198357,-1.318344145"Colton, City of",37.7726825,-122.4206911,47612,1126907748,23668.56566,Oct,14,20%,-1.940198357,-1.318344145"Colton, City of",37.7726825,-122.4206911,47612,682731434.4,14339.48237,Dec,14,20%,-1.940198357,-1.318344145"Colton, City of",37.7726825,-122.4206911,47612,893533245,18766.97566,Nov,14,20%,-1.940198357,-1.318344145Compton  City of,32.801227,-116.965457,81963,730220432.1,8909.147202,Nov,14,8%,-2.289564473,-1.644228525Compton  City of,32.801227,-116.965457,81963,828898868.9,10113.08601,Oct,14,8%,-2.289564473,-1.644228525Compton  City of,32.801227,-116.965457,81963,844934114.9,10308.72607,Aug,15,8%,-2.289564473,-1.644228525Compton  City of,32.801227,-116.965457,81963,777092689.6,9481.018138,Jul,15,8%,-2.289564473,-1.644228525Compton  City of,32.801227,-116.965457,81963,889339411.4,10850.49854,Sep,14,8%,-2.289564473,-1.644228525Compton  City of,32.801227,-116.965457,81963,625374593.1,7629.962215,Feb,15,8%,-2.289564473,-1.644228525Compton  City of,32.801227,-116.965457,81963,735154354,8969.344143,Mar,15,8%,-2.289564473,-1.644228525Compton  City of,32.801227,-116.965457,81963,664845967.8,8111.53774,Jan,15,8%,-2.289564473,-1.644228525Compton  City of,32.801227,-116.965457,81963,653744643.6,7976.094624,Dec,14,8%,-2.289564473,-1.644228525Compton  City of,32.801227,-116.965457,81963,731453912.6,8924.196437,Jun,15,8%,-2.289564473,-1.644228525Compton  City of,32.801227,-116.965457,81963,891230849.6,10873.57527,Aug,14,8%,-2.289564473,-1.644228525Compton  City of,32.801227,-116.965457,81963,840790712.1,10258.17396,Jul,14,8%,-2.289564473,-1.644228525Compton  City of,32.801227,-116.965457,81963,830399149,10131.39037,Jun,14,8%,-2.289564473,-1.644228525Compton  City of,32.801227,-116.965457,81963,731453912.6,8924.196437,Apr,15,8%,-2.289564473,-1.644228525Compton  City of,32.801227,-116.965457,81963,724053029.8,8833.901027,May,15,8%,-2.289564473,-1.644228525Contra Costa Water District,37.9264529,-121.9169354,197536,4222203614,21374.35006,Jul,14,28%,-1.82314387,-1.117745679Contra Costa Water District,37.9264529,-121.9169354,197536,4179031797,21155.79842,Aug,14,28%,-1.82314387,-1.117745679Contra Costa Water District,37.9264529,-121.9169354,199680,2526167981,12651.08164,Jun,15,28%,-1.82314387,-1.117745679Contra Costa Water District,37.9264529,-121.9169354,199680,2850573342,14275.70784,Jul,15,28%,-1.82314387,-1.117745679Contra Costa Water District,37.9264529,-121.9169354,197536,3434009600,17384.22161,Jun,14,28%,-1.82314387,-1.117745679Contra Costa Water District,37.9264529,-121.9169354,199680,2486696607,12453.40849,May,15,28%,-1.82314387,-1.117745679Contra Costa Water District,37.9264529,-121.9169354,199680,2871542510,14380.72171,Aug,15,28%,-1.82314387,-1.117745679Contra Costa Water District,37.9264529,-121.9169354,197536,3864494280,19563.49364,Sep,14,28%,-1.82314387,-1.117745679Contra Costa Water District,37.9264529,-121.9169354,197536,1871189857,9472.652364,Feb,15,28%,-1.82314387,-1.117745679Contra Costa Water District,37.9264529,-121.9169354,197536,1993304423,10090.84128,Jan,15,28%,-1.82314387,-1.117745679Contra Costa Water District,37.9264529,-121.9169354,197536,2212863945,11202.33246,Dec,14,28%,-1.82314387,-1.117745679Contra Costa Water District,37.9264529,-121.9169354,197536,3697974418,18720.50876,Oct,14,28%,-1.82314387,-1.117745679Contra Costa Water District,37.9264529,-121.9169354,197536,3094802473,15667.03018,Nov,14,28%,-1.82314387,-1.117745679Contra Costa Water District,37.9264529,-121.9169354,197536,2172159090,10996.26949,Apr,15,28%,-1.82314387,-1.117745679Contra Costa Water District,37.9264529,-121.9169354,197536,2046344083,10359.34758,Mar,15,28%,-1.82314387,-1.117745679"Corcoran, City of",36.0981823,-119.5579022,24154,673727722.8,27893.00832,Aug,15,36%,-2.430871369,-1.980675831"Corcoran, City of",36.0981823,-119.5579022,24154,677921959.9,28066.65397,Jul,15,36%,-2.430871369,-1.980675831"Corcoran, City of",36.0981823,-119.5579022,24154,653702890.5,27063.96003,Jun,15,36%,-2.430871369,-1.980675831"Corcoran, City of",36.0981823,-119.5579022,24154,570420029.4,23615.96545,May,15,36%,-2.430871369,-1.980675831"Corcoran, City of",36.0981823,-119.5579022,24154,526054994.5,21779.20818,Apr,15,36%,-2.430871369,-1.980675831"Corcoran, City of",36.0981823,-119.5579022,24154,484759929.1,20069.55076,Mar,15,36%,-2.430871369,-1.980675831"Corcoran, City of",36.0981823,-119.5579022,24154,345721726.8,14313.22873,Feb,15,36%,-2.430871369,-1.980675831"Corcoran, City of",36.0981823,-119.5579022,24154,369569825.7,15300.56412,Jan,15,36%,-2.430871369,-1.980675831"Corcoran, City of",36.0981823,-119.5579022,24154,375399361,15541.91277,Dec,14,36%,-2.430871369,-1.980675831"Corcoran, City of",36.0981823,-119.5579022,24154,445959450.7,18463.17176,Nov,14,36%,-2.430871369,-1.980675831"Corcoran, City of",36.0981823,-119.5579022,24154,620020289.8,25669.46633,Oct,14,36%,-2.430871369,-1.980675831"Corcoran, City of",36.0981823,-119.5579022,24154,720125524.3,29813.92416,Sep,14,36%,-2.430871369,-1.980675831"Corcoran, City of",36.0981823,-119.5579022,24154,720125524.3,29813.92416,Aug,14,36%,-2.430871369,-1.980675831Corona  City of,37.7228459,-122.4671094,168070,3468756744,20638.76209,Jun,15,28%,-1.91941358,-1.373910855Corona  City of,37.7228459,-122.4671094,168070,3696938295,21996.41991,Aug,15,28%,-1.91941358,-1.373910855Corona  City of,37.7228459,-122.4671094,150416,3797942250,25249.58947,Oct,14,28%,-1.91941358,-1.373910855Corona  City of,37.7228459,-122.4671094,168070,3493771728,20787.59879,Jul,15,28%,-1.91941358,-1.373910855Corona  City of,37.7228459,-122.4671094,185660,3056644913,16463.66968,Mar,15,28%,-1.91941358,-1.373910855Corona  City of,37.7228459,-122.4671094,185660,2447155641,13180.84478,Feb,15,28%,-1.91941358,-1.373910855Corona  City of,37.7228459,-122.4671094,168070,3015800312,17943.71578,May,15,28%,-1.91941358,-1.373910855Corona  City of,37.7228459,-122.4671094,168070,1978748694,11773.36047,Dec,14,28%,-1.91941358,-1.373910855Corona  City of,37.7228459,-122.4671094,168070,4282361492,25479.63046,Sep,14,28%,-1.91941358,-1.373910855Corona  City of,37.7228459,-122.4671094,168070,3099003679,18438.76765,Nov,14,28%,-1.91941358,-1.373910855Corona  City of,37.7228459,-122.4671094,168070,4602153143,27382.35939,Jul,14,28%,-1.91941358,-1.373910855Corona  City of,37.7228459,-122.4671094,168070,3089805127,18384.03717,Apr,15,28%,-1.91941358,-1.373910855Corona  City of,37.7228459,-122.4671094,185660,2422550460,13048.3166,Jan,15,28%,-1.91941358,-1.373910855Corona  City of,37.7228459,-122.4671094,168070,4431393183,26366.3544,Aug,14,28%,-1.91941358,-1.373910855Corona  City of,37.7228459,-122.4671094,168070,4346524234,25861.39248,Jun,14,28%,-1.91941358,-1.373910855Covina  City of ,34.134414,-117.8791415,39711,722881223.4,18203.55124,Jun,14,28%,-2.430134731,-2.003776153Covina  City of ,34.134414,-117.8791415,33300,559408058.1,16799.04078,Jul,15,28%,-2.430134731,-2.003776153Covina  City of ,34.134414,-117.8791415,33300,539746379.6,16208.59999,Jun,15,28%,-2.430134731,-2.003776153Covina  City of ,34.134414,-117.8791415,33300,504246811.9,15142.5469,May,15,28%,-2.430134731,-2.003776153Covina  City of ,34.134414,-117.8791415,33300,523476772.3,15720.02319,Apr,15,28%,-2.430134731,-2.003776153Covina  City of ,34.134414,-117.8791415,33300,490641522.5,14733.97965,Mar,15,28%,-2.430134731,-2.003776153Covina  City of ,34.134414,-117.8791415,33300,436602743.5,13111.1935,Feb,15,28%,-2.430134731,-2.003776153Covina  City of ,34.134414,-117.8791415,33300,357067923.5,10722.76046,Dec,14,28%,-2.430134731,-2.003776153Covina  City of ,34.134414,-117.8791415,31367,549466205.6,17517.33368,Nov,14,28%,-2.430134731,-2.003776153Covina  City of ,34.134414,-117.8791415,31367,646368430.5,20606.63852,Oct,14,28%,-2.430134731,-2.003776153Covina  City of ,34.134414,-117.8791415,39711,678081213.1,17075.40009,Sep,14,28%,-2.430134731,-2.003776153Covina  City of ,34.134414,-117.8791415,39711,720179901.2,18135.52671,Aug,14,28%,-2.430134731,-2.003776153Covina  City of ,34.134414,-117.8791415,39711,740766690.1,18653.94198,Jul,14,28%,-2.430134731,-2.003776153Covina  City of ,34.134414,-117.8791415,33300,573112026,17210.57135,Aug,15,28%,-2.430134731,-2.003776153Covina  City of ,34.134414,-117.8791415,33300,425119040.4,12766.33755,Jan,15,28%,-2.430134731,-2.003776153Crescent City  City of,37.7350295,-122.4197788,18199,303968626.5,16702.4906,Dec,14,16%,-1.941079853,-1.334261108Crescent City  City of,37.7350295,-122.4197788,18290,200248323.1,10948.51411,May,15,16%,-1.941079853,-1.334261108Crescent City  City of,37.7350295,-122.4197788,18290,234619868.9,12827.76757,Jul,15,16%,-1.941079853,-1.334261108Crescent City  City of,37.7350295,-122.4197788,18290,217282679.5,11879.86219,Jun,15,16%,-1.941079853,-1.334261108Crescent City  City of,37.7350295,-122.4197788,18199,322668564.4,17730.01618,Aug,14,16%,-1.941079853,-1.334261108Crescent City  City of,37.7350295,-122.4197788,18199,298252653.6,16388.4089,Nov,14,16%,-1.941079853,-1.334261108Crescent City  City of,37.7350295,-122.4197788,18199,300940296.5,16536.0897,Oct,14,16%,-1.941079853,-1.334261108Crescent City  City of,37.7350295,-122.4197788,18199,303438668.7,16673.37045,Jan,15,16%,-1.941079853,-1.334261108Crescent City  City of,37.7350295,-122.4197788,18199,201762488.1,11086.46014,Feb,15,16%,-1.941079853,-1.334261108Crescent City  City of,37.7350295,-122.4197788,18199,325507623.8,17886.01702,Jul,14,16%,-1.941079853,-1.334261108Crescent City  City of,37.7350295,-122.4197788,18199,328081704.3,18027.45779,Jun,14,16%,-1.941079853,-1.334261108Crescent City  City of,37.7350295,-122.4197788,18199,305482791.5,16785.69106,Sep,14,16%,-1.941079853,-1.334261108Crescent City  City of,37.7350295,-122.4197788,18290,178709325.7,9770.876202,Mar,15,16%,-1.941079853,-1.334261108Crescent City  City of,37.7350295,-122.4197788,18290,162280635.3,8872.64272,Apr,15,16%,-1.941079853,-1.334261108Crescent City  City of,37.7350295,-122.4197788,18290,224664233.9,12283.44636,Aug,15,16%,-1.941079853,-1.334261108Crescenta Valley Water District,36.778261,-119.4179324,31612,476468832,15072.4039,Oct,14,20%,-2.515306782,-2.230197237Crescenta Valley Water District,36.778261,-119.4179324,31966,418322563.1,13086.48449,Mar,15,20%,-2.515306782,-2.230197237Crescenta Valley Water District,36.778261,-119.4179324,31612,394677501.8,12485.0532,Nov,14,20%,-2.515306782,-2.230197237Crescenta Valley Water District,36.778261,-119.4179324,31966,355242372.4,11113.13184,May,15,20%,-2.515306782,-2.230197237Crescenta Valley Water District,36.778261,-119.4179324,31966,394713747.1,12347.92427,Apr,15,20%,-2.515306782,-2.230197237Crescenta Valley Water District,36.778261,-119.4179324,31612,328784216.5,10400.61421,Feb,15,20%,-2.515306782,-2.230197237Crescenta Valley Water District,36.778261,-119.4179324,31612,525462675.8,16622.25344,Jul,14,20%,-2.515306782,-2.230197237Crescenta Valley Water District,36.778261,-119.4179324,31612,373349865.5,11810.38421,Jan,15,20%,-2.515306782,-2.230197237Crescenta Valley Water District,36.778261,-119.4179324,31612,314290821.1,9942.136566,Dec,14,20%,-2.515306782,-2.230197237Crescenta Valley Water District,36.778261,-119.4179324,31612,506343728.7,16017.45314,Sep,14,20%,-2.515306782,-2.230197237Crescenta Valley Water District,36.778261,-119.4179324,31612,506220380.7,16013.5512,Aug,14,20%,-2.515306782,-2.230197237Crescenta Valley Water District,36.778261,-119.4179324,31966,424317278.1,13274.01859,Aug,15,20%,-2.515306782,-2.230197237Crescenta Valley Water District,36.778261,-119.4179324,31966,388546344.8,12154.98795,Jul,15,20%,-2.515306782,-2.230197237Crescenta Valley Water District,36.778261,-119.4179324,31966,386079383.9,12077.81342,Jun,15,20%,-2.515306782,-2.230197237Crescenta Valley Water District,36.778261,-119.4179324,31612,525462675.8,16622.25344,Jun,14,20%,-2.515306782,-2.230197237Crestline Village Water District,36.778261,-119.4179324,7516,74636311.65,9930.323529,Aug,15,8%,-2.515306782,-2.230197237Crestline Village Water District,36.778261,-119.4179324,7338,86529129.96,11791.92286,Jun,14,8%,-2.515306782,-2.230197237Crestline Village Water District,36.778261,-119.4179324,7321,92873901.25,12685.95837,Jul,14,8%,-2.515306782,-2.230197237Crestline Village Water District,36.778261,-119.4179324,7468,59130513.91,7917.851353,Apr,15,8%,-2.515306782,-2.230197237Crestline Village Water District,36.778261,-119.4179324,7446,62180904.87,8350.913895,Mar,15,8%,-2.515306782,-2.230197237Crestline Village Water District,36.778261,-119.4179324,7434,63899816.63,8595.616981,Jan,15,8%,-2.515306782,-2.230197237Crestline Village Water District,36.778261,-119.4179324,7483,59645873.14,7970.850347,May,15,8%,-2.515306782,-2.230197237Crestline Village Water District,36.778261,-119.4179324,7426,55074972.82,7416.505901,Dec,14,8%,-2.515306782,-2.230197237Crestline Village Water District,36.778261,-119.4179324,7409,60066434.14,8107.225556,Nov,14,8%,-2.515306782,-2.230197237Crestline Village Water District,36.778261,-119.4179324,7409,50942556.82,6875.766881,Feb,15,8%,-2.515306782,-2.230197237Crestline Village Water District,36.778261,-119.4179324,7505,66531373.8,8864.93988,Jun,15,8%,-2.515306782,-2.230197237Crestline Village Water District,36.778261,-119.4179324,7389,78998899.35,10691.41959,Sep,14,8%,-2.515306782,-2.230197237Crestline Village Water District,36.778261,-119.4179324,7389,69230971.64,9369.46429,Oct,14,8%,-2.515306782,-2.230197237Crestline Village Water District,36.778261,-119.4179324,7454,72573402.33,9736.168813,Jul,15,8%,-2.515306782,-2.230197237Crestline Village Water District,36.778261,-119.4179324,7358,76392202.66,10382.19661,Aug,14,8%,-2.515306782,-2.230197237Cucamonga Valley Water District,36.778261,-119.4179324,201758,5204346394,25794.99397,Aug,15,32%,-2.515306782,-2.230197237Cucamonga Valley Water District,36.778261,-119.4179324,200636,3411248185,17002.17401,Feb,15,32%,-2.515306782,-2.230197237Cucamonga Valley Water District,36.778261,-119.4179324,201571,4935912676,24487.2163,Jul,15,32%,-2.515306782,-2.230197237Cucamonga Valley Water District,36.778261,-119.4179324,201384,4895723416,24310.38919,Jun,15,32%,-2.515306782,-2.230197237Cucamonga Valley Water District,36.778261,-119.4179324,199661,5827976846,29189.3602,Oct,14,32%,-2.515306782,-2.230197237Cucamonga Valley Water District,36.778261,-119.4179324,200449,3575359060,17836.75179,Jan,15,32%,-2.515306782,-2.230197237Cucamonga Valley Water District,36.778261,-119.4179324,200184,2749699310,13735.85956,Dec,14,32%,-2.515306782,-2.230197237Cucamonga Valley Water District,36.778261,-119.4179324,198617,6649024612,33476.61384,Jun,14,32%,-2.515306782,-2.230197237Cucamonga Valley Water District,36.778261,-119.4179324,198874,7551093542,37969.2345,Jul,14,32%,-2.515306782,-2.230197237Cucamonga Valley Water District,36.778261,-119.4179324,199404,6429112315,32241.64167,Sep,14,32%,-2.515306782,-2.230197237Cucamonga Valley Water District,36.778261,-119.4179324,201197,4004722506,19904.48419,May,15,32%,-2.515306782,-2.230197237Cucamonga Valley Water District,36.778261,-119.4179324,200823,4368672017,21753.84302,Mar,15,32%,-2.515306782,-2.230197237Cucamonga Valley Water District,36.778261,-119.4179324,201010,4778078984,23770.35463,Apr,15,32%,-2.515306782,-2.230197237Cucamonga Valley Water District,36.778261,-119.4179324,199927,4337522935,21695.53355,Nov,14,32%,-2.515306782,-2.230197237Cucamonga Valley Water District,36.778261,-119.4179324,199139,6882312771,34560.34615,Aug,14,32%,-2.515306782,-2.230197237Daly City  City of,37.7507931,-122.4158477,105810,723006450.3,6833.063513,Aug,15,8%,-1.946267803,-1.32609822Daly City  City of,37.7507931,-122.4158477,105810,696679269.6,6584.247893,Jan,15,8%,-1.946267803,-1.32609822Daly City  City of,37.7507931,-122.4158477,105810,731438623.3,6912.755159,Jul,15,8%,-1.946267803,-1.32609822Daly City  City of,37.7507931,-122.4158477,105810,638735687.4,6036.628744,Jun,15,8%,-1.946267803,-1.32609822Daly City  City of,37.7507931,-122.4158477,105810,622519752.3,5883.373521,May,15,8%,-1.946267803,-1.32609822Daly City  City of,37.7507931,-122.4158477,105576,696837832.9,6600.343193,Dec,14,8%,-1.946267803,-1.32609822Daly City  City of,37.7507931,-122.4158477,103347,782065639.1,7567.376306,Jul,14,8%,-1.946267803,-1.32609822Daly City  City of,37.7507931,-122.4158477,105810,598412458.5,5655.537837,Feb,15,8%,-1.946267803,-1.32609822Daly City  City of,37.7507931,-122.4158477,103347,736136062.9,7122.955314,Jun,14,8%,-1.946267803,-1.32609822Daly City  City of,37.7507931,-122.4158477,105810,700377193.6,6619.196613,Apr,15,8%,-1.946267803,-1.32609822Daly City  City of,37.7507931,-122.4158477,103347,743177975,7191.093839,Aug,14,8%,-1.946267803,-1.32609822Daly City  City of,37.7507931,-122.4158477,104462,623669336.6,5970.298641,Nov,14,8%,-1.946267803,-1.32609822Daly City  City of,37.7507931,-122.4158477,104462,723606924.1,6926.987078,Oct,14,8%,-1.946267803,-1.32609822Daly City  City of,37.7507931,-122.4158477,104462,686940223,6575.981917,Sep,14,8%,-1.946267803,-1.32609822Daly City  City of,37.7507931,-122.4158477,105810,658224823.2,6220.818668,Mar,15,8%,-1.946267803,-1.32609822Davis  City of,37.7947692,-122.3978515,68315,1089441727,15947.32822,May,15,28%,-1.992634293,-1.291994959Davis  City of,37.7947692,-122.3978515,65783,1088684645,16549.63509,Oct,14,28%,-1.992634293,-1.291994959Davis  City of,37.7947692,-122.3978515,68315,1295746710,18967.23575,Jul,15,28%,-1.992634293,-1.291994959Davis  City of,37.7947692,-122.3978515,68315,906227760.7,13265.42869,Apr,15,28%,-1.992634293,-1.291994959Davis  City of,37.7947692,-122.3978515,65783,581439365.3,8838.748085,Feb,15,28%,-1.992634293,-1.291994959Davis  City of,37.7947692,-122.3978515,68315,1192783490,17460.05254,Jun,15,28%,-1.992634293,-1.291994959Davis  City of,37.7947692,-122.3978515,65783,567054797.6,8620.08114,Dec,14,28%,-1.992634293,-1.291994959Davis  City of,37.7947692,-122.3978515,65783,833169298.8,12665.41962,Mar,15,28%,-1.992634293,-1.291994959Davis  City of,37.7947692,-122.3978515,65783,1296882334,19714.55139,Sep,14,28%,-1.992634293,-1.291994959Davis  City of,37.7947692,-122.3978515,65783,620050573.1,9425.6962,Jan,15,28%,-1.992634293,-1.291994959Davis  City of,37.7947692,-122.3978515,65783,1575488697,23949.78485,Jun,14,28%,-1.992634293,-1.291994959Davis  City of,37.7947692,-122.3978515,65783,696894447.6,10593.83804,Nov,14,28%,-1.992634293,-1.291994959Davis  City of,37.7947692,-122.3978515,68315,1301424829,19050.35247,Aug,15,28%,-1.992634293,-1.291994959Davis  City of,37.7947692,-122.3978515,65783,1632648426,24818.69824,Jul,14,28%,-1.992634293,-1.291994959Davis  City of,37.7947692,-122.3978515,65783,1508108354,22925.50284,Aug,14,28%,-1.992634293,-1.291994959Del Oro Water Company,36.778261,-119.4179324,9615,111073633.8,11552.12,Aug,15,24%,-2.515306782,-2.230197237Del Oro Water Company,36.778261,-119.4179324,9615,119610571.9,12439.99708,Jul,15,24%,-2.515306782,-2.230197237Del Oro Water Company,36.778261,-119.4179324,9615,179264373.2,18644.24058,Jul,14,24%,-2.515306782,-2.230197237Del Oro Water Company,36.778261,-119.4179324,9615,79947079.93,8314.828906,Mar,15,24%,-2.515306782,-2.230197237Del Oro Water Company,36.778261,-119.4179324,9615,91055009.61,9470.099804,Jun,15,24%,-2.515306782,-2.230197237Del Oro Water Company,36.778261,-119.4179324,9615,163416531.7,16995.99913,Jun,14,24%,-2.515306782,-2.230197237Del Oro Water Company,36.778261,-119.4179324,9615,94512257.17,9829.667932,Apr,15,24%,-2.515306782,-2.230197237Del Oro Water Company,36.778261,-119.4179324,9615,106220462.4,11047.36999,Nov,14,24%,-2.515306782,-2.230197237Del Oro Water Company,36.778261,-119.4179324,9615,84706812.23,8809.860866,Feb,15,24%,-2.515306782,-2.230197237Del Oro Water Company,36.778261,-119.4179324,9615,89288160.74,9286.340171,Jan,15,24%,-2.515306782,-2.230197237Del Oro Water Company,36.778261,-119.4179324,9615,77780991.17,8089.546664,Dec,14,24%,-2.515306782,-2.230197237Del Oro Water Company,36.778261,-119.4179324,9615,132686386.1,13799.93616,Oct,14,24%,-2.515306782,-2.230197237Del Oro Water Company,36.778261,-119.4179324,9615,142089759.7,14777.92613,Sep,14,24%,-2.515306782,-2.230197237Del Oro Water Company,36.778261,-119.4179324,9615,182999106.6,19032.6684,Aug,14,24%,-2.515306782,-2.230197237Del Oro Water Company,36.778261,-119.4179324,9615,93858183.3,9761.641529,May,15,24%,-2.515306782,-2.230197237Delano  City of,37.7273579,-122.4398919,48957,608542919,12430.15134,Jan,15,24%,-1.918495788,-1.350945623Delano  City of,37.7273579,-122.4398919,48957,580568720.4,11858.74789,Feb,15,24%,-1.918495788,-1.350945623Delano  City of,37.7273579,-122.4398919,54318,958580016.1,17647.55727,May,15,24%,-1.918495788,-1.350945623Delano  City of,37.7273579,-122.4398919,54318,922152991.2,16976.93198,Apr,15,24%,-1.918495788,-1.350945623Delano  City of,37.7273579,-122.4398919,54318,1071309601,19722.9206,Jul,15,24%,-1.918495788,-1.350945623Delano  City of,37.7273579,-122.4398919,48957,1275835441,26060.32724,Jun,14,24%,-1.918495788,-1.350945623Delano  City of,37.7273579,-122.4398919,48957,790431991.3,16145.43357,Mar,15,24%,-1.918495788,-1.350945623Delano  City of,37.7273579,-122.4398919,54318,1019563012,18770.26054,Jun,15,24%,-1.918495788,-1.350945623Delano  City of,37.7273579,-122.4398919,54318,1078759293,19860.0702,Aug,15,24%,-1.918495788,-1.350945623Delano  City of,37.7273579,-122.4398919,48957,1093984222,22345.81822,Sep,14,24%,-1.918495788,-1.350945623Delano  City of,37.7273579,-122.4398919,48957,1339657496,27363.96217,Jul,14,24%,-1.918495788,-1.350945623Delano  City of,37.7273579,-122.4398919,48957,701436942.6,14327.61286,Nov,14,24%,-1.918495788,-1.350945623Delano  City of,37.7273579,-122.4398919,48957,973986645.1,19894.73712,Oct,14,24%,-1.918495788,-1.350945623Delano  City of,37.7273579,-122.4398919,48957,615886619.3,12580.15441,Dec,14,24%,-1.918495788,-1.350945623Delano  City of,37.7273579,-122.4398919,48957,1250246052,25537.63613,Aug,14,24%,-1.918495788,-1.350945623Desert Water Agency,36.778261,-119.4179324,120428,2752917599,22859.44796,Jun,15,36%,-2.515306782,-2.230197237Desert Water Agency,36.778261,-119.4179324,120264,2286489318,19012.25069,Mar,15,36%,-2.515306782,-2.230197237Desert Water Agency,36.778261,-119.4179324,120346,2970922399,24686.50723,Apr,15,36%,-2.515306782,-2.230197237Desert Water Agency,36.778261,-119.4179324,119934,2241038263,18685.59594,Jan,15,36%,-2.515306782,-2.230197237Desert Water Agency,36.778261,-119.4179324,119899,2598015354,21668.36549,Dec,14,36%,-2.515306782,-2.230197237Desert Water Agency,36.778261,-119.4179324,120472,3352847736,27830.92947,Jul,15,36%,-2.515306782,-2.230197237Desert Water Agency,36.778261,-119.4179324,119600,4303452069,35982.04071,Aug,14,36%,-2.515306782,-2.230197237Desert Water Agency,36.778261,-119.4179324,119629,4788500220,40027.92149,Jul,14,36%,-2.515306782,-2.230197237Desert Water Agency,36.778261,-119.4179324,119824,3370516224,28128.89091,Nov,14,36%,-2.515306782,-2.230197237Desert Water Agency,36.778261,-119.4179324,120000,2313020366,19275.16971,Feb,15,36%,-2.515306782,-2.230197237Desert Water Agency,36.778261,-119.4179324,120548,3370278379,27957.97839,Aug,15,36%,-2.515306782,-2.230197237Desert Water Agency,36.778261,-119.4179324,119679,3937725679,32902.39456,Sep,14,36%,-2.515306782,-2.230197237Desert Water Agency,36.778261,-119.4179324,119704,3486389231,29125.08547,Oct,14,36%,-2.515306782,-2.230197237Desert Water Agency,36.778261,-119.4179324,120390,3016330981,25054.66385,May,15,36%,-2.515306782,-2.230197237Desert Water Agency,36.778261,-119.4179324,60600,4417093526,72889.33212,Jun,14,36%,-2.515306782,-2.230197237Diablo Water District,38.0024883,-121.7343597,38194,549240646.2,14380.28607,May,15,28%,-2.108425617,-1.143359145Diablo Water District,38.0024883,-121.7343597,38194,515395272.8,13494.14235,Jun,15,28%,-2.108425617,-1.143359145Diablo Water District,38.0024883,-121.7343597,35646,818784731.2,22969.8909,Jun,14,28%,-2.108425617,-1.143359145Diablo Water District,38.0024883,-121.7343597,35646,294645155.4,8265.868693,Dec,14,28%,-2.108425617,-1.143359145Diablo Water District,38.0024883,-121.7343597,38194,480452129.7,12579.25668,Apr,15,28%,-2.108425617,-1.143359145Diablo Water District,38.0024883,-121.7343597,35646,820677437.4,23022.9882,Jul,14,28%,-2.108425617,-1.143359145Diablo Water District,38.0024883,-121.7343597,38194,595922353.6,15602.51227,Jul,15,28%,-2.108425617,-1.143359145Diablo Water District,38.0024883,-121.7343597,35646,424420453.3,11906.53799,Nov,14,28%,-2.108425617,-1.143359145Diablo Water District,38.0024883,-121.7343597,35646,753675635.6,21143.34387,Aug,14,28%,-2.108425617,-1.143359145Diablo Water District,38.0024883,-121.7343597,38194,587306754.7,15376.9376,Aug,15,28%,-2.108425617,-1.143359145Diablo Water District,38.0024883,-121.7343597,35646,331310661.2,9294.46954,Jan,15,28%,-2.108425617,-1.143359145Diablo Water District,38.0024883,-121.7343597,35646,312296534.1,8761.05409,Feb,15,28%,-2.108425617,-1.143359145Diablo Water District,38.0024883,-121.7343597,35646,688566540,19316.79684,Sep,14,28%,-2.108425617,-1.143359145Diablo Water District,38.0024883,-121.7343597,35646,623419590.3,17489.18785,Oct,14,28%,-2.108425617,-1.143359145Diablo Water District,38.0024883,-121.7343597,38194,492217191.8,12887.29098,Mar,15,28%,-2.108425617,-1.143359145Discovery Bay Community Services District,36.778261,-119.4179324,14733,329330890.5,22353.2811,Jun,15,32%,-2.515306782,-2.230197237Discovery Bay Community Services District,36.778261,-119.4179324,14792,352043365.7,23799.57853,Jul,15,32%,-2.515306782,-2.230197237Discovery Bay Community Services District,36.778261,-119.4179324,14811,355828778.2,24024.62887,Aug,15,32%,-2.515306782,-2.230197237Discovery Bay Community Services District,36.778261,-119.4179324,14709,302833002.7,20588.27947,May,15,32%,-2.515306782,-2.230197237Discovery Bay Community Services District,36.778261,-119.4179324,14687,283905940.1,19330.42419,Apr,15,32%,-2.515306782,-2.230197237Discovery Bay Community Services District,36.778261,-119.4179324,13000,264978877.4,20382.99057,Mar,15,32%,-2.515306782,-2.230197237Discovery Bay Community Services District,36.778261,-119.4179324,14646,170343564,11630.72266,Feb,15,32%,-2.515306782,-2.230197237Discovery Bay Community Services District,36.778261,-119.4179324,14627,181699801.6,12422.2193,Jan,15,32%,-2.515306782,-2.230197237Discovery Bay Community Services District,36.778261,-119.4179324,14608,177914389.1,12179.2435,Dec,14,32%,-2.515306782,-2.230197237Discovery Bay Community Services District,36.778261,-119.4179324,14583,242266402.2,16612.93302,Nov,14,32%,-2.515306782,-2.230197237Discovery Bay Community Services District,36.778261,-119.4179324,14561,355828778.2,24437.11134,Oct,14,32%,-2.515306782,-2.230197237Discovery Bay Community Services District,36.778261,-119.4179324,14539,408824553.7,28119.16595,Sep,14,32%,-2.515306782,-2.230197237Discovery Bay Community Services District,36.778261,-119.4179324,14520,458034916.6,31545.10445,Aug,14,32%,-2.515306782,-2.230197237Discovery Bay Community Services District,36.778261,-119.4179324,14498,564026467.6,38903.74311,Jul,14,32%,-2.515306782,-2.230197237Discovery Bay Community Services District,36.778261,-119.4179324,14473,511030692.1,35309.24426,Jun,14,32%,-2.515306782,-2.230197237Downey  City of,37.765665,-122.446687,111931,1472479634,13155.24416,May,15,20%,-1.902179954,-1.321332345Downey  City of,37.765665,-122.446687,111931,1506696382,13460.93916,Apr,15,20%,-1.902179954,-1.321332345Downey  City of,37.765665,-122.446687,111931,1482113116,13241.31041,Jun,15,20%,-1.902179954,-1.321332345Downey  City of,37.765665,-122.446687,111363,1973087678,17717.62325,Jul,14,20%,-1.902179954,-1.321332345Downey  City of,37.765665,-122.446687,110829,1974925564,17819.57397,Jun,14,20%,-1.902179954,-1.321332345Downey  City of,37.765665,-122.446687,111931,1550743969,13854.46363,Aug,15,20%,-1.902179954,-1.321332345Downey  City of,37.765665,-122.446687,111931,1539112248,13750.54496,Mar,15,20%,-1.902179954,-1.321332345Downey  City of,37.765665,-122.446687,111931,1713255019,15306.34962,Oct,14,20%,-1.902179954,-1.321332345Downey  City of,37.765665,-122.446687,111931,1860285890,16619.93451,Sep,14,20%,-1.902179954,-1.321332345Downey  City of,37.765665,-122.446687,110829,1710269997,15431.61083,Aug,14,20%,-1.902179954,-1.321332345Downey  City of,37.765665,-122.446687,111931,1422881384,12712.12965,Jul,15,20%,-1.902179954,-1.321332345Downey  City of,37.765665,-122.446687,111931,1523632068,13612.24387,Nov,14,20%,-1.902179954,-1.321332345Downey  City of,37.765665,-122.446687,111931,1236909535,11050.64312,Feb,15,20%,-1.902179954,-1.321332345Downey  City of,37.765665,-122.446687,111931,1324634666,11834.38606,Jan,15,20%,-1.902179954,-1.321332345Downey  City of,37.765665,-122.446687,111931,1196476046,10689.40728,Dec,14,20%,-1.902179954,-1.321332345Dublin San Ramon Services District,36.778261,-119.4179324,77868,600419423.7,7710.733854,Feb,15,12%,-2.515306782,-2.230197237Dublin San Ramon Services District,36.778261,-119.4179324,78301,734718289.6,9383.255509,Apr,15,12%,-2.515306782,-2.230197237Dublin San Ramon Services District,36.778261,-119.4179324,79547,623968475.1,7844.022717,Dec,14,12%,-2.515306782,-2.230197237Dublin San Ramon Services District,36.778261,-119.4179324,79275,682695365.1,8611.735921,Nov,14,12%,-2.515306782,-2.230197237Dublin San Ramon Services District,36.778261,-119.4179324,78990,861620459.4,10907.96885,Oct,14,12%,-2.515306782,-2.230197237Dublin San Ramon Services District,36.778261,-119.4179324,77644,670150508,8631.066251,Jan,15,12%,-2.515306782,-2.230197237Dublin San Ramon Services District,36.778261,-119.4179324,79348,878813803.1,11075.43735,Aug,15,12%,-2.515306782,-2.230197237Dublin San Ramon Services District,36.778261,-119.4179324,78164,725561376.7,9282.551772,Mar,15,12%,-2.515306782,-2.230197237Dublin San Ramon Services District,36.778261,-119.4179324,78895,835164211.2,10585.76857,Jun,15,12%,-2.515306782,-2.230197237Dublin San Ramon Services District,36.778261,-119.4179324,77780,1037324168,13336.64396,Jul,14,12%,-2.515306782,-2.230197237Dublin San Ramon Services District,36.778261,-119.4179324,78546,774067652.9,9854.959551,May,15,12%,-2.515306782,-2.230197237Dublin San Ramon Services District,36.778261,-119.4179324,77374,1033705313,13359.85361,Jun,14,12%,-2.515306782,-2.230197237Dublin San Ramon Services District,36.778261,-119.4179324,79107,857872901,10844.46258,Jul,15,12%,-2.515306782,-2.230197237Dublin San Ramon Services District,36.778261,-119.4179324,78485,925264600.3,11789.06288,Sep,14,12%,-2.515306782,-2.230197237Dublin San Ramon Services District,36.778261,-119.4179324,78262,982386475.5,12552.53476,Aug,14,12%,-2.515306782,-2.230197237East Bay Municipal Utilities District,36.778261,-119.4179324,1390000,18087458171,13012.55984,Jun,15,16%,-2.515306782,-2.230197237East Bay Municipal Utilities District,36.778261,-119.4179324,1390000,19875308511,14298.7831,Aug,15,16%,-2.515306782,-2.230197237East Bay Municipal Utilities District,36.778261,-119.4179324,1390000,19489196433,14021.00463,Jul,15,16%,-2.515306782,-2.230197237East Bay Municipal Utilities District,36.778261,-119.4179324,1390000,16871205124,12137.55764,Apr,15,16%,-2.515306782,-2.230197237East Bay Municipal Utilities District,36.778261,-119.4179324,1379000,14532198719,10538.21517,Dec,14,16%,-2.515306782,-2.230197237East Bay Municipal Utilities District,36.778261,-119.4179324,1390000,17631315961,12684.39997,May,15,16%,-2.515306782,-2.230197237East Bay Municipal Utilities District,36.778261,-119.4179324,1379000,20329936556,14742.52107,Oct,14,16%,-2.515306782,-2.230197237East Bay Municipal Utilities District,36.778261,-119.4179324,1330000,24095664946,18117.04131,Jun,14,16%,-2.515306782,-2.230197237East Bay Municipal Utilities District,36.778261,-119.4179324,1379000,21512120891,15599.7976,Sep,14,16%,-2.515306782,-2.230197237East Bay Municipal Utilities District,36.778261,-119.4179324,1379000,23552836788,17079.64959,Aug,14,16%,-2.515306782,-2.230197237East Bay Municipal Utilities District,36.778261,-119.4179324,1330000,24946247142,18756.5768,Jul,14,16%,-2.515306782,-2.230197237East Bay Municipal Utilities District,36.778261,-119.4179324,1379000,15881319746,11516.54804,Nov,14,16%,-2.515306782,-2.230197237East Bay Municipal Utilities District,36.778261,-119.4179324,1390000,17602925367,12663.97508,Mar,15,16%,-2.515306782,-2.230197237East Bay Municipal Utilities District,36.778261,-119.4179324,1390000,14255485063,10255.74465,Feb,15,16%,-2.515306782,-2.230197237East Bay Municipal Utilities District,36.778261,-119.4179324,1390000,15505806823,11155.25671,Jan,15,16%,-2.515306782,-2.230197237East Niles Community Service District,36.778261,-119.4179324,26000,661145526.4,25428.67409,Nov,14,36%,-2.515306782,-2.230197237East Niles Community Service District,36.778261,-119.4179324,26000,853568478.1,32829.55685,May,15,36%,-2.515306782,-2.230197237East Niles Community Service District,36.778261,-119.4179324,26000,479823898.8,18454.76534,Feb,15,36%,-2.515306782,-2.230197237East Niles Community Service District,36.778261,-119.4179324,31772,1036123586,32611.21699,Jul,15,36%,-2.515306782,-2.230197237East Niles Community Service District,36.778261,-119.4179324,26000,1010220496,38854.63448,Jun,15,36%,-2.515306782,-2.230197237East Niles Community Service District,36.778261,-119.4179324,26000,954713875.8,36719.76445,Oct,14,36%,-2.515306782,-2.230197237East Niles Community Service District,36.778261,-119.4179324,31772,1055859274,33232.38303,Aug,15,36%,-2.515306782,-2.230197237East Niles Community Service District,36.778261,-119.4179324,26000,717885627.5,27610.98567,Mar,15,36%,-2.515306782,-2.230197237East Niles Community Service District,36.778261,-119.4179324,26000,483524340.2,18597.09001,Jan,15,36%,-2.515306782,-2.230197237East Niles Community Service District,36.778261,-119.4179324,26000,851101517.2,32734.67374,Apr,15,36%,-2.515306782,-2.230197237East Niles Community Service District,36.778261,-119.4179324,26000,1158238152,44547.62122,Sep,14,36%,-2.515306782,-2.230197237East Niles Community Service District,36.778261,-119.4179324,26000,1327224975,51047.11441,Aug,14,36%,-2.515306782,-2.230197237East Niles Community Service District,36.778261,-119.4179324,26000,478590418.4,18407.32378,Dec,14,36%,-2.515306782,-2.230197237East Niles Community Service District,36.778261,-119.4179324,26000,1383965076,53229.42599,Jun,14,36%,-2.515306782,-2.230197237East Niles Community Service District,36.778261,-119.4179324,26000,1451806501,55838.71158,Jul,14,36%,-2.515306782,-2.230197237East Orange County Water District,33.8931515,-117.7546316,3247,85850240,26439.86449,Mar,15,36%,-2.363619585,-1.789670491East Orange County Water District,33.8931515,-117.7546316,3247,65497812.41,20171.79317,Feb,15,36%,-2.363619585,-1.789670491East Orange County Water District,33.8931515,-117.7546316,3656,126431747.1,34581.98772,Jul,14,36%,-2.363619585,-1.789670491East Orange County Water District,33.8931515,-117.7546316,3656,119154212.4,32591.41477,Aug,14,36%,-2.363619585,-1.789670491East Orange County Water District,33.8931515,-117.7546316,3656,121374477.2,33198.70822,Jun,14,36%,-2.363619585,-1.789670491East Orange County Water District,33.8931515,-117.7546316,3247,79312793.56,24426.484,Jun,15,36%,-2.363619585,-1.789670491East Orange County Water District,33.8931515,-117.7546316,3247,74872263.9,23058.90481,May,15,36%,-2.363619585,-1.789670491East Orange County Water District,33.8931515,-117.7546316,3247,85726891.95,26401.87618,Apr,15,36%,-2.363619585,-1.789670491East Orange County Water District,33.8931515,-117.7546316,3247,66114552.64,20361.73472,Jan,15,36%,-2.363619585,-1.789670491East Orange County Water District,33.8931515,-117.7546316,3656,115083726.9,31478.04346,Sep,14,36%,-2.363619585,-1.789670491East Orange County Water District,33.8931515,-117.7546316,3247,51436135.17,15841.12571,Dec,14,36%,-2.363619585,-1.789670491East Orange County Water District,33.8931515,-117.7546316,3247,83629975.17,25756.07489,Nov,14,36%,-2.363619585,-1.789670491East Orange County Water District,33.8931515,-117.7546316,3247,77462572.87,23856.65934,Jul,15,36%,-2.363619585,-1.789670491East Orange County Water District,33.8931515,-117.7546316,3247,80176229.88,24692.40218,Aug,15,36%,-2.363619585,-1.789670491East Orange County Water District,33.8931515,-117.7546316,3247,105092535.2,32366.04101,Oct,14,36%,-2.363619585,-1.789670491"East Palo Alto, City of",37.4179796,-122.2025398,29143,108944354.4,3738.268347,Apr,15,8%,-2.258146126,-1.439375437"East Palo Alto, City of",37.4179796,-122.2025398,26181,138705281.4,5297.936725,Oct,14,8%,-2.258146126,-1.439375437"East Palo Alto, City of",37.4179796,-122.2025398,29143,235657913.6,8086.261319,Nov,14,8%,-2.258146126,-1.439375437"East Palo Alto, City of",37.4179796,-122.2025398,29143,179847659.9,6171.212979,Jul,15,8%,-2.258146126,-1.439375437"East Palo Alto, City of",37.4179796,-122.2025398,29143,185386051.5,6361.254899,Mar,15,8%,-2.258146126,-1.439375437"East Palo Alto, City of",37.4179796,-122.2025398,29143,108261965.7,3714.853162,Feb,15,8%,-2.258146126,-1.439375437"East Palo Alto, City of",37.4179796,-122.2025398,29143,125664832.5,4312.007427,Dec,14,8%,-2.258146126,-1.439375437"East Palo Alto, City of",37.4179796,-122.2025398,29143,192266568.8,6597.349921,Aug,15,8%,-2.258146126,-1.439375437"East Palo Alto, City of",37.4179796,-122.2025398,29143,157127795.5,5391.613613,Jan,15,8%,-2.258146126,-1.439375437"East Palo Alto, City of",37.4179796,-122.2025398,29143,250299994.1,8588.683186,Sep,14,8%,-2.258146126,-1.439375437"East Palo Alto, City of",37.4179796,-122.2025398,29143,172100707.1,5905.387473,May,15,8%,-2.258146126,-1.439375437"East Palo Alto, City of",37.4179796,-122.2025398,29143,167033192,5731.503003,Aug,14,8%,-2.258146126,-1.439375437"East Palo Alto, City of",37.4179796,-122.2025398,29143,171053962.4,5869.469939,Jun,14,8%,-2.258146126,-1.439375437"East Palo Alto, City of",37.4179796,-122.2025398,29143,165186212,5668.126549,Jun,15,8%,-2.258146126,-1.439375437"East Palo Alto, City of",37.4179796,-122.2025398,29143,246856422.6,8470.522,Jul,14,8%,-2.258146126,-1.439375437East Valley Water District,37.2484702,-121.8736716,97318,1393401201,14318.02135,Jan,15,28%,-2.036978843,-1.376648946East Valley Water District,37.2484702,-121.8736716,97318,2236879809,22985.26284,Oct,14,28%,-2.036978843,-1.376648946East Valley Water District,37.2484702,-121.8736716,97318,1205468118,12386.89778,Dec,14,28%,-2.036978843,-1.376648946East Valley Water District,37.2484702,-121.8736716,101733,1843584565,18121.79494,Apr,15,28%,-2.036978843,-1.376648946East Valley Water District,37.2484702,-121.8736716,101733,2148920318,21123.13917,Aug,15,28%,-2.036978843,-1.376648946East Valley Water District,37.2484702,-121.8736716,101733,1934911458,19019.50653,Jun,15,28%,-2.036978843,-1.376648946East Valley Water District,37.2484702,-121.8736716,101733,1727921102,16984.86334,May,15,28%,-2.036978843,-1.376648946East Valley Water District,37.2484702,-121.8736716,97318,2320250754,23841.9486,Sep,14,28%,-2.036978843,-1.376648946East Valley Water District,37.2484702,-121.8736716,101733,2151103578,21144.59987,Jul,15,28%,-2.036978843,-1.376648946East Valley Water District,37.2484702,-121.8736716,97318,1346393261,13834.98696,Feb,15,28%,-2.036978843,-1.376648946East Valley Water District,37.2484702,-121.8736716,97318,2752943364,28288.12105,Jun,14,28%,-2.036978843,-1.376648946East Valley Water District,37.2484702,-121.8736716,97318,1526666430,15687.40038,Mar,15,28%,-2.036978843,-1.376648946East Valley Water District,37.2484702,-121.8736716,29143,235643756.2,8085.775527,Nov,14,28%,-2.036978843,-1.376648946East Valley Water District,37.2484702,-121.8736716,97318,2329908906,23941.19182,Aug,14,28%,-2.036978843,-1.376648946East Valley Water District,37.2484702,-121.8736716,97318,2805403288,28827.17779,Jul,14,28%,-2.036978843,-1.376648946Eastern Municipal Water District,36.778261,-119.4179324,535191,5937974933,11095.05753,Feb,15,28%,-2.515306782,-2.230197237Eastern Municipal Water District,36.778261,-119.4179324,535600,7915244110,14778.27504,Mar,15,28%,-2.515306782,-2.230197237Eastern Municipal Water District,36.778261,-119.4179324,530337,10665905535,20111.56215,Sep,14,28%,-2.515306782,-2.230197237Eastern Municipal Water District,36.778261,-119.4179324,538000,12892337765,23963.45309,Jul,14,28%,-2.515306782,-2.230197237Eastern Municipal Water District,36.778261,-119.4179324,535749,8807050482,16438.76234,Apr,15,28%,-2.515306782,-2.230197237Eastern Municipal Water District,36.778261,-119.4179324,538144,7831367439,14552.54995,May,15,28%,-2.515306782,-2.230197237Eastern Municipal Water District,36.778261,-119.4179324,532606,5078239053,9534.701172,Dec,14,28%,-2.515306782,-2.230197237Eastern Municipal Water District,36.778261,-119.4179324,540916,10147843742,18760.47989,Aug,15,28%,-2.515306782,-2.230197237Eastern Municipal Water District,36.778261,-119.4179324,531498,7621675760,14339.98954,Nov,14,28%,-2.515306782,-2.230197237Eastern Municipal Water District,36.778261,-119.4179324,530917,9121587999,17180.81734,Oct,14,28%,-2.515306782,-2.230197237Eastern Municipal Water District,36.778261,-119.4179324,539410,5830662133,10809.33267,Jan,15,28%,-2.515306782,-2.230197237Eastern Municipal Water District,36.778261,-119.4179324,538000,10767050933,20013.10582,Aug,14,28%,-2.515306782,-2.230197237Eastern Municipal Water District,36.778261,-119.4179324,540895,9066081379,16761.25935,Jul,15,28%,-2.515306782,-2.230197237Eastern Municipal Water District,36.778261,-119.4179324,538472,9972689517,18520.34928,Jun,15,28%,-2.515306782,-2.230197237Eastern Municipal Water District,36.778261,-119.4179324,538000,12163350813,22608.45876,Jun,14,28%,-2.515306782,-2.230197237El Centro  City of,32.8040134,-115.575068,44311,575042018.1,12977.41008,Feb,15,24%,-2.170838137,-0.43802874El Centro  City of,32.8040134,-115.575068,44311,861597746.9,19444.33091,Jul,15,24%,-2.170838137,-0.43802874El Centro  City of,32.8040134,-115.575068,44311,567225141.2,12801.00068,Dec,14,24%,-2.170838137,-0.43802874El Centro  City of,32.8040134,-115.575068,44311,733310116.1,16549.16649,Nov,14,24%,-2.170838137,-0.43802874El Centro  City of,32.8040134,-115.575068,44311,582120739.5,13137.16096,Jan,15,24%,-2.170838137,-0.43802874El Centro  City of,32.8040134,-115.575068,44311,1095460533,24722.09007,Jul,14,24%,-2.170838137,-0.43802874El Centro  City of,32.8040134,-115.575068,44311,827604742.4,18677.18495,Oct,14,24%,-2.170838137,-0.43802874El Centro  City of,32.8040134,-115.575068,44311,859780748.9,19403.32533,Jun,15,24%,-2.170838137,-0.43802874El Centro  City of,32.8040134,-115.575068,44847,807769180.7,18011.6659,May,15,24%,-2.170838137,-0.43802874El Centro  City of,32.8040134,-115.575068,44311,914071135.5,20628.53773,Aug,15,24%,-2.170838137,-0.43802874El Centro  City of,32.8040134,-115.575068,44311,678913738,15321.5621,Mar,15,24%,-2.170838137,-0.43802874El Centro  City of,32.8040134,-115.575068,44311,933388095.6,21064.47825,Aug,14,24%,-2.170838137,-0.43802874El Centro  City of,32.8040134,-115.575068,44311,769763638.8,17371.84083,Apr,15,24%,-2.170838137,-0.43802874El Centro  City of,32.8040134,-115.575068,44311,1023212150,23091.60591,Jun,14,24%,-2.170838137,-0.43802874El Centro  City of,32.8040134,-115.575068,44311,894833669,20194.39121,Sep,14,24%,-2.170838137,-0.43802874El Dorado Irrigation District,36.778261,-119.4179324,118500,4761234574,40179.19472,Jul,15,28%,-2.515306782,-2.230197237El Dorado Irrigation District,36.778261,-119.4179324,118500,4736564965,39971.01236,Aug,15,28%,-2.515306782,-2.230197237El Dorado Irrigation District,36.778261,-119.4179324,128500,4700794032,36582.05472,Jun,14,28%,-2.515306782,-2.230197237El Dorado Irrigation District,36.778261,-119.4179324,128500,5292864653,41189.60819,Jul,14,28%,-2.515306782,-2.230197237El Dorado Irrigation District,36.778261,-119.4179324,128500,2307841940,17959.85946,Apr,15,28%,-2.515306782,-2.230197237El Dorado Irrigation District,36.778261,-119.4179324,118500,4014978896,33881.67845,Jun,15,28%,-2.515306782,-2.230197237El Dorado Irrigation District,36.778261,-119.4179324,128500,1865022455,14513.79342,Nov,14,28%,-2.515306782,-2.230197237El Dorado Irrigation District,36.778261,-119.4179324,128500,5069604689,39452.17657,Aug,14,28%,-2.515306782,-2.230197237El Dorado Irrigation District,36.778261,-119.4179324,128500,1570220625,12219.61576,Jan,15,28%,-2.515306782,-2.230197237El Dorado Irrigation District,36.778261,-119.4179324,128500,1379031154,10731.75995,Feb,15,28%,-2.515306782,-2.230197237El Dorado Irrigation District,36.778261,-119.4179324,128500,2721057894,21175.54781,May,15,28%,-2.515306782,-2.230197237El Dorado Irrigation District,36.778261,-119.4179324,128500,4237005379,32972.80451,Sep,14,28%,-2.515306782,-2.230197237El Dorado Irrigation District,36.778261,-119.4179324,128500,1491277876,11605.2753,Dec,14,28%,-2.515306782,-2.230197237El Dorado Irrigation District,36.778261,-119.4179324,128500,3166344340,24640.81198,Oct,14,28%,-2.515306782,-2.230197237El Dorado Irrigation District,36.778261,-119.4179324,128500,2080881536,16193.63063,Mar,15,28%,-2.515306782,-2.230197237El Monte  City of,38.6038155,-121.4678366,22968,233488030.5,10165.79722,Jul,15,8%,-1.980965059,-1.27581742El Monte  City of,38.6038155,-121.4678366,22968,232992141.5,10144.20679,Mar,15,8%,-1.980965059,-1.27581742El Monte  City of,38.6038155,-121.4678366,22968,276486531.5,12037.90193,Jun,14,8%,-1.980965059,-1.27581742El Monte  City of,38.6038155,-121.4678366,22968,187907878.2,8181.290413,Feb,15,8%,-1.980965059,-1.27581742El Monte  City of,38.6038155,-121.4678366,22968,193207455.7,8412.027854,Nov,14,8%,-1.980965059,-1.27581742El Monte  City of,38.6038155,-121.4678366,22968,224989779.4,9795.793251,Aug,15,8%,-1.980965059,-1.27581742El Monte  City of,38.6038155,-121.4678366,22968,245181169.8,10674.9029,Apr,15,8%,-1.980965059,-1.27581742El Monte  City of,38.6038155,-121.4678366,22968,291628181.6,12697.15176,Jul,14,8%,-1.980965059,-1.27581742El Monte  City of,38.6038155,-121.4678366,22968,249912935.5,10880.91847,May,15,8%,-1.980965059,-1.27581742El Monte  City of,38.6038155,-121.4678366,22968,238708114.4,10393.0736,Oct,14,8%,-1.980965059,-1.27581742El Monte  City of,38.6038155,-121.4678366,22968,258464182.4,11253.22982,Jun,15,8%,-1.980965059,-1.27581742El Monte  City of,38.6038155,-121.4678366,22968,187415774.6,8159.864793,Jan,15,8%,-1.980965059,-1.27581742El Monte  City of,38.6038155,-121.4678366,22968,217434096,9466.827585,Dec,14,8%,-1.980965059,-1.27581742El Monte  City of,38.6038155,-121.4678366,22968,265887376.4,11576.42705,Sep,14,8%,-1.980965059,-1.27581742El Monte  City of,38.6038155,-121.4678366,22968,238102448.4,10366.70361,Aug,14,8%,-1.980965059,-1.27581742El Segundo  City of,33.9120651,-118.3960598,16654,701770286,42138.24223,Jul,15,20%,-2.561260949,-1.818073188El Segundo  City of,33.9120651,-118.3960598,16654,657180003.9,39460.79044,Jun,15,20%,-2.561260949,-1.818073188El Segundo  City of,33.9120651,-118.3960598,16654,687103175.2,41257.54625,May,15,20%,-2.561260949,-1.818073188El Segundo  City of,33.9120651,-118.3960598,16654,869606771.3,52216.09051,Apr,15,20%,-2.561260949,-1.818073188El Segundo  City of,33.9120651,-118.3960598,16654,551942068,33141.71178,Mar,15,20%,-2.561260949,-1.818073188El Segundo  City of,33.9120651,-118.3960598,16654,694827476,41721.35679,Feb,15,20%,-2.561260949,-1.818073188El Segundo  City of,33.9120651,-118.3960598,16654,605522326.4,36358.9724,Jan,15,20%,-2.561260949,-1.818073188El Segundo  City of,33.9120651,-118.3960598,16654,764544387.7,45907.55301,Dec,14,20%,-2.561260949,-1.818073188El Segundo  City of,33.9120651,-118.3960598,16654,924837787.5,55532.47193,Nov,14,20%,-2.561260949,-1.818073188El Segundo  City of,33.9120651,-118.3960598,16654,936081628.6,56207.61551,Aug,15,20%,-2.561260949,-1.818073188El Segundo  City of,33.9120651,-118.3960598,16654,739372454.3,44396.08829,Jul,14,20%,-2.561260949,-1.818073188El Segundo  City of,33.9120651,-118.3960598,16654,1034886422,62140.41206,Oct,14,20%,-2.561260949,-1.818073188El Segundo  City of,33.9120651,-118.3960598,16654,906900307.4,54455.40455,Sep,14,20%,-2.561260949,-1.818073188El Segundo  City of,33.9120651,-118.3960598,16654,1098835592,65980.28053,Aug,14,20%,-2.561260949,-1.818073188El Toro Water District,36.778261,-119.4179324,48628,825198427.5,16969.61478,Mar,15,24%,-2.515306782,-2.230197237El Toro Water District,36.778261,-119.4179324,48628,891806372.4,18339.35947,Jul,15,24%,-2.515306782,-2.230197237El Toro Water District,36.778261,-119.4179324,48628,640176358.6,13164.76842,Jan,15,24%,-2.515306782,-2.230197237El Toro Water District,36.778261,-119.4179324,48628,508193949.4,10450.64468,Dec,14,24%,-2.515306782,-2.230197237El Toro Water District,36.778261,-119.4179324,48628,869603724.1,17882.77791,Apr,15,24%,-2.515306782,-2.230197237El Toro Water District,36.778261,-119.4179324,48628,651277682.7,13393.0592,Feb,15,24%,-2.515306782,-2.230197237El Toro Water District,36.778261,-119.4179324,48628,954713875.8,19633.00723,Jun,15,24%,-2.515306782,-2.230197237El Toro Water District,36.778261,-119.4179324,48628,782026611.5,16081.8173,May,15,24%,-2.515306782,-2.230197237El Toro Water District,36.778261,-119.4179324,48628,1245815264,25619.29885,Aug,14,24%,-2.515306782,-2.230197237El Toro Water District,36.778261,-119.4179324,48628,974659254.8,20043.16967,Aug,15,24%,-2.515306782,-2.230197237El Toro Water District,36.778261,-119.4179324,48628,1137268984,23387.12231,Sep,14,24%,-2.515306782,-2.230197237El Toro Water District,36.778261,-119.4179324,48628,964581719.5,19835.93237,Oct,14,24%,-2.515306782,-2.230197237El Toro Water District,36.778261,-119.4179324,48628,1239647862,25492.47063,Jun,14,24%,-2.515306782,-2.230197237El Toro Water District,36.778261,-119.4179324,48628,779559650.5,16031.08601,Nov,14,24%,-2.515306782,-2.230197237El Toro Water District,36.778261,-119.4179324,48628,1311189729,26963.67789,Jul,14,24%,-2.515306782,-2.230197237Elk Grove Water Service,36.778261,-119.4179324,44251,601473240.9,13592.30844,May,15,28%,-2.515306782,-2.230197237Elk Grove Water Service,36.778261,-119.4179324,44278,750694676.2,16954.12341,Jul,15,28%,-2.515306782,-2.230197237Elk Grove Water Service,36.778261,-119.4179324,44213,757488995.8,17132.72105,Aug,15,28%,-2.515306782,-2.230197237Elk Grove Water Service,36.778261,-119.4179324,44145,962555111.8,21804.39714,Aug,14,28%,-2.515306782,-2.230197237Elk Grove Water Service,36.778261,-119.4179324,44255,669728809.3,15133.40434,Jun,15,28%,-2.515306782,-2.230197237Elk Grove Water Service,36.778261,-119.4179324,44202,532270876.6,12041.78265,Apr,15,28%,-2.515306782,-2.230197237Elk Grove Water Service,36.778261,-119.4179324,44122,353213145.2,8005.374761,Dec,14,28%,-2.515306782,-2.230197237Elk Grove Water Service,36.778261,-119.4179324,44099,466990585.7,10589.59581,Mar,15,28%,-2.515306782,-2.230197237Elk Grove Water Service,36.778261,-119.4179324,44084,330824693.8,7504.416427,Feb,15,28%,-2.515306782,-2.230197237Elk Grove Water Service,36.778261,-119.4179324,44183,858656511.7,19434.09256,Sep,14,28%,-2.515306782,-2.230197237Elk Grove Water Service,36.778261,-119.4179324,44099,494781222.1,11219.78326,Nov,14,28%,-2.515306782,-2.230197237Elk Grove Water Service,36.778261,-119.4179324,44243,1061352282,23989.1572,Jul,14,28%,-2.515306782,-2.230197237Elk Grove Water Service,36.778261,-119.4179324,44091,345732984.6,7841.350493,Jan,15,28%,-2.515306782,-2.230197237Elk Grove Water Service,36.778261,-119.4179324,44506,993825897.5,22330.15543,Jun,14,28%,-2.515306782,-2.230197237Elk Grove Water Service,36.778261,-119.4179324,44152,714841868.2,16190.47536,Oct,14,28%,-2.515306782,-2.230197237Elsinore Valley Municipal Water District,36.778261,-119.4179324,146670,3476441328,23702.47036,Jun,14,28%,-2.515306782,-2.230197237Elsinore Valley Municipal Water District,36.778261,-119.4179324,147178,3285621901,22324.13744,Sep,14,28%,-2.515306782,-2.230197237Elsinore Valley Municipal Water District,36.778261,-119.4179324,149273,2652229684,17767.64508,Jul,15,28%,-2.515306782,-2.230197237Elsinore Valley Municipal Water District,36.778261,-119.4179324,146960,3551313592,24165.17142,Jul,14,28%,-2.515306782,-2.230197237Elsinore Valley Municipal Water District,36.778261,-119.4179324,148032,1725639163,11657.2036,Jan,15,28%,-2.515306782,-2.230197237Elsinore Valley Municipal Water District,36.778261,-119.4179324,147897,1351154496,9135.780277,Dec,14,28%,-2.515306782,-2.230197237Elsinore Valley Municipal Water District,36.778261,-119.4179324,147171,3473851019,23604.18166,Aug,14,28%,-2.515306782,-2.230197237Elsinore Valley Municipal Water District,36.778261,-119.4179324,147758,2991436811,20245.51504,Oct,14,28%,-2.515306782,-2.230197237Elsinore Valley Municipal Water District,36.778261,-119.4179324,148253,1758819787,11863.63708,Feb,15,28%,-2.515306782,-2.230197237Elsinore Valley Municipal Water District,36.778261,-119.4179324,149059,2506432294,16815.03495,Jun,15,28%,-2.515306782,-2.230197237Elsinore Valley Municipal Water District,36.778261,-119.4179324,148587,2191031341,14745.78086,Mar,15,28%,-2.515306782,-2.230197237Elsinore Valley Municipal Water District,36.778261,-119.4179324,149468,2679982995,17930.14555,Aug,15,28%,-2.515306782,-2.230197237Elsinore Valley Municipal Water District,36.778261,-119.4179324,147755,2178696536,14745.33204,Nov,14,28%,-2.515306782,-2.230197237Elsinore Valley Municipal Water District,36.778261,-119.4179324,148719,2486943303,16722.43158,Apr,15,28%,-2.515306782,-2.230197237Elsinore Valley Municipal Water District,36.778261,-119.4179324,148874,2277251625,15296.50325,May,15,28%,-2.515306782,-2.230197237Escondido  City of,37.7349251,-122.4904002,134053,1637938702,12218.59043,Jan,15,20%,-1.86877242,-1.299758155Escondido  City of,37.7349251,-122.4904002,134053,1536916653,11464.9926,Feb,15,20%,-1.86877242,-1.299758155Escondido  City of,37.7349251,-122.4904002,134053,2053868313,15321.31555,May,15,20%,-1.86877242,-1.299758155Escondido  City of,37.7349251,-122.4904002,134053,2187577595,16318.7515,Jun,15,20%,-1.86877242,-1.299758155Escondido  City of,37.7349251,-122.4904002,134053,2054978446,15329.59684,Mar,15,20%,-1.86877242,-1.299758155Escondido  City of,37.7349251,-122.4904002,134053,2594009407,19350.62555,Sep,14,20%,-1.86877242,-1.299758155Escondido  City of,37.7349251,-122.4904002,132255,1323277837,10005.50329,Dec,14,20%,-1.86877242,-1.299758155Escondido  City of,37.7349251,-122.4904002,134053,1880440961,14027.59327,Jul,15,20%,-1.86877242,-1.299758155Escondido  City of,37.7349251,-122.4904002,134053,2196828699,16387.76229,Aug,15,20%,-1.86877242,-1.299758155Escondido  City of,37.7349251,-122.4904002,134053,2887824452,21542.40824,Aug,14,20%,-1.86877242,-1.299758155Escondido  City of,37.7349251,-122.4904002,134053,2128987273,15881.68317,Nov,14,20%,-1.86877242,-1.299758155Escondido  City of,37.7349251,-122.4904002,134053,2783595353,20764.88667,Oct,14,20%,-1.86877242,-1.299758155Escondido  City of,37.7349251,-122.4904002,145901,3148744000,21581.37367,Jul,14,20%,-1.86877242,-1.299758155Escondido  City of,37.7349251,-122.4904002,145901,2998538831,20551.87306,Jun,14,20%,-1.86877242,-1.299758155Escondido  City of,37.7349251,-122.4904002,134053,2111225155,15749.18245,Apr,15,20%,-1.86877242,-1.299758155Estero Municipal Improvement District,36.778261,-119.4179324,37000,503880381,13618.38867,Sep,14,12%,-2.515306782,-2.230197237Estero Municipal Improvement District,36.778261,-119.4179324,37000,562786669.3,15210.45052,Aug,14,12%,-2.515306782,-2.230197237Estero Municipal Improvement District,36.778261,-119.4179324,37000,282081386.4,7623.821253,Nov,14,12%,-2.515306782,-2.230197237Estero Municipal Improvement District,36.778261,-119.4179324,37000,505112078.5,13651.6778,Oct,14,12%,-2.515306782,-2.230197237Estero Municipal Improvement District,36.778261,-119.4179324,37000,368526732.6,9960.181962,Feb,15,12%,-2.515306782,-2.230197237Estero Municipal Improvement District,36.778261,-119.4179324,37000,320753857.3,8669.023171,Jan,15,12%,-2.515306782,-2.230197237Estero Municipal Improvement District,36.778261,-119.4179324,37000,592913707.7,16024.6948,Jun,14,12%,-2.515306782,-2.230197237Estero Municipal Improvement District,36.778261,-119.4179324,37165,496416577.1,13357.0988,Jul,15,12%,-2.515306782,-2.230197237Estero Municipal Improvement District,36.778261,-119.4179324,37165,558080735.3,15016.29854,Jun,15,12%,-2.515306782,-2.230197237Estero Municipal Improvement District,36.778261,-119.4179324,37165,453873461.2,12212.38965,May,15,12%,-2.515306782,-2.230197237Estero Municipal Improvement District,36.778261,-119.4179324,37000,598010387.2,16162.4429,Jul,14,12%,-2.515306782,-2.230197237Estero Municipal Improvement District,36.778261,-119.4179324,37000,344201414.2,9302.740925,Dec,14,12%,-2.515306782,-2.230197237Estero Municipal Improvement District,36.778261,-119.4179324,37165,521766894.3,14039.20071,Aug,15,12%,-2.515306782,-2.230197237Estero Municipal Improvement District,36.778261,-119.4179324,37165,520118967.9,13994.85989,Apr,15,12%,-2.515306782,-2.230197237Estero Municipal Improvement District,36.778261,-119.4179324,37165,448836243.1,12076.85304,Mar,15,12%,-2.515306782,-2.230197237Eureka  City of,37.758956,-122.438341,27052,319750011.4,11819.8289,Oct,14,4%,-1.912573867,-1.33071464Eureka  City of,37.758956,-122.438341,27052,293350544.3,10843.95033,Nov,14,4%,-1.912573867,-1.33071464Eureka  City of,37.758956,-122.438341,27052,253762700.1,9380.552272,Feb,15,4%,-1.912573867,-1.33071464Eureka  City of,37.758956,-122.438341,27052,297310085.9,10990.31812,Apr,15,4%,-1.912573867,-1.33071464Eureka  City of,37.758956,-122.438341,27052,413859152.4,15298.65268,Jul,14,4%,-1.912573867,-1.33071464Eureka  City of,37.758956,-122.438341,27052,381456021.1,14100.8436,Jul,15,4%,-1.912573867,-1.33071464Eureka  City of,37.758956,-122.438341,27052,288058537.6,10648.32684,Jan,15,4%,-1.912573867,-1.33071464Eureka  City of,37.758956,-122.438341,27052,291242069.6,10766.00878,Dec,14,4%,-1.912573867,-1.33071464Eureka  City of,37.758956,-122.438341,27052,397369895.4,14689.11339,Aug,14,4%,-1.912573867,-1.33071464Eureka  City of,37.758956,-122.438341,26066,288357585.2,11062.59438,Mar,15,4%,-1.912573867,-1.33071464Eureka  City of,37.758956,-122.438341,27052,402430991.9,14876.20109,Jun,14,4%,-1.912573867,-1.33071464Eureka  City of,37.758956,-122.438341,27052,334691034.6,12372.13643,May,15,4%,-1.912573867,-1.33071464Eureka  City of,37.758956,-122.438341,27052,380736792.7,14074.25672,Aug,15,4%,-1.912573867,-1.33071464Eureka  City of,37.758956,-122.438341,27052,349734264,12928.22209,Jun,15,4%,-1.912573867,-1.33071464Eureka  City of,37.758956,-122.438341,27052,369422194.6,13656.00305,Sep,14,4%,-1.912573867,-1.33071464Exeter  City of,38.554058,-121.42819,10334,166571779,16118.80966,Mar,15,36%,-1.980956178,-1.07123452Exeter  City of,38.554058,-121.42819,10334,226888542.3,21955.53922,Oct,14,36%,-1.980956178,-1.07123452Exeter  City of,38.554058,-121.42819,10334,114405008.9,11070.73823,Feb,15,36%,-1.980956178,-1.07123452Exeter  City of,38.554058,-121.42819,10334,223221234.7,21600.66138,May,15,36%,-1.980956178,-1.07123452Exeter  City of,38.554058,-121.42819,10334,126743182.5,12264.678,Jan,15,36%,-1.980956178,-1.07123452Exeter  City of,38.554058,-121.42819,10334,246022667.1,23807.10926,Jun,15,36%,-1.980956178,-1.07123452Exeter  City of,38.554058,-121.42819,10572,188898142.1,17867.77735,Apr,15,36%,-1.980956178,-1.07123452Exeter  City of,38.554058,-121.42819,10506,272603292.6,25947.39126,Sep,14,36%,-1.980956178,-1.07123452Exeter  City of,38.554058,-121.42819,10334,122582257,11862.03377,Dec,14,36%,-1.980956178,-1.07123452Exeter  City of,38.554058,-121.42819,10572,244309465,23109.10566,Aug,15,36%,-1.980956178,-1.07123452Exeter  City of,38.554058,-121.42819,10334,148926078.5,14411.27138,Nov,14,36%,-1.980956178,-1.07123452Exeter  City of,38.554058,-121.42819,10334,339707769.9,32872.82465,Jun,14,36%,-1.980956178,-1.07123452Exeter  City of,38.554058,-121.42819,10506,324755405.6,30911.42257,Aug,14,36%,-1.980956178,-1.07123452Exeter  City of,38.554058,-121.42819,10572,248979585.3,23550.84991,Jul,15,36%,-1.980956178,-1.07123452Exeter  City of,38.554058,-121.42819,10506,353900432.3,33685.55419,Jul,14,36%,-1.980956178,-1.07123452Fair Oaks Water District,36.778261,-119.4179324,36226,709695317.3,19590.7723,Mar,15,36%,-2.515306782,-2.230197237Fair Oaks Water District,36.778261,-119.4179324,36226,1100844306,30388.23789,Jun,15,36%,-2.515306782,-2.230197237Fair Oaks Water District,36.778261,-119.4179324,36226,885367604.4,24440.11496,May,15,36%,-2.515306782,-2.230197237Fair Oaks Water District,36.778261,-119.4179324,36226,1275764170,35216.8103,Aug,15,36%,-2.515306782,-2.230197237Fair Oaks Water District,36.778261,-119.4179324,36226,1727699075,47692.2397,Jul,14,36%,-2.515306782,-2.230197237Fair Oaks Water District,36.778261,-119.4179324,36226,479700550.8,13241.88568,Jan,15,36%,-2.515306782,-2.230197237Fair Oaks Water District,36.778261,-119.4179324,36226,1583665562,43716.26904,Jun,14,36%,-2.515306782,-2.230197237Fair Oaks Water District,36.778261,-119.4179324,36226,746699731.1,20612.26001,Apr,15,36%,-2.515306782,-2.230197237Fair Oaks Water District,36.778261,-119.4179324,36226,1284349194,35453.79545,Jul,15,36%,-2.515306782,-2.230197237Fair Oaks Water District,36.778261,-119.4179324,36226,1334490175,36837.91129,Sep,14,36%,-2.515306782,-2.230197237Fair Oaks Water District,36.778261,-119.4179324,36226,1083020513,29896.22131,Oct,14,36%,-2.515306782,-2.230197237Fair Oaks Water District,36.778261,-119.4179324,36226,442535784.5,12215.97153,Dec,14,36%,-2.515306782,-2.230197237Fair Oaks Water District,36.778261,-119.4179324,36226,435258249.8,12015.07894,Feb,15,36%,-2.515306782,-2.230197237Fair Oaks Water District,36.778261,-119.4179324,36226,1548425025,42743.47224,Aug,14,36%,-2.515306782,-2.230197237Fair Oaks Water District,36.778261,-119.4179324,36226,638979882.5,17638.70928,Nov,14,36%,-2.515306782,-2.230197237Fairfield  City of,38.2377568,-122.0414869,107540,2377239072,22105.62648,Aug,15,20%,-2.014398989,-1.13923866Fairfield  City of,38.2377568,-122.0414869,107540,2328028709,21648.02593,Jul,15,20%,-2.014398989,-1.13923866Fairfield  City of,38.2377568,-122.0414869,107540,1983556168,18444.82209,May,15,20%,-2.014398989,-1.13923866Fairfield  City of,38.2377568,-122.0414869,107540,1794285541,16684.81999,Apr,15,20%,-2.014398989,-1.13923866Fairfield  City of,38.2377568,-122.0414869,105392,1673152340,15875.5156,Mar,15,20%,-2.014398989,-1.13923866Fairfield  City of,38.2377568,-122.0414869,105392,1203761186,11421.75104,Feb,15,20%,-2.014398989,-1.13923866Fairfield  City of,38.2377568,-122.0414869,105392,1268113199,12032.3478,Jan,15,20%,-2.014398989,-1.13923866Fairfield  City of,38.2377568,-122.0414869,105392,1226473661,11637.25578,Dec,14,20%,-2.014398989,-1.13923866Fairfield  City of,38.2377568,-122.0414869,105392,1472525476,13971.89043,Nov,14,20%,-2.014398989,-1.13923866Fairfield  City of,38.2377568,-122.0414869,105392,2146328907,20365.19761,Oct,14,20%,-2.014398989,-1.13923866Fairfield  City of,38.2377568,-122.0414869,105392,2418878609,22951.25445,Sep,14,20%,-2.014398989,-1.13923866Fairfield  City of,38.2377568,-122.0414869,105382,2740638675,26006.70584,Aug,14,20%,-2.014398989,-1.13923866Fairfield  City of,38.2377568,-122.0414869,105382,3001832140,28485.24548,Jul,14,20%,-2.014398989,-1.13923866Fairfield  City of,38.2377568,-122.0414869,105382,2892055176,27443.54042,Jun,14,20%,-2.014398989,-1.13923866Fairfield  City of,38.2377568,-122.0414869,107540,2169041382,20169.62416,Jun,15,20%,-2.014398989,-1.13923866Fallbrook Public Utility District,36.778261,-119.4179324,34894,1241991475,35593.26746,Jul,15,36%,-2.515306782,-2.230197237Fallbrook Public Utility District,36.778261,-119.4179324,34894,1166255775,33422.81695,Jun,15,36%,-2.515306782,-2.230197237Fallbrook Public Utility District,36.778261,-119.4179324,34894,1018978208,29202.10374,May,15,36%,-2.515306782,-2.230197237Fallbrook Public Utility District,36.778261,-119.4179324,34894,1284793247,36819.89015,Apr,15,36%,-2.515306782,-2.230197237Fallbrook Public Utility District,36.778261,-119.4179324,34894,1134925371,32524.94328,Mar,15,36%,-2.515306782,-2.230197237Fallbrook Public Utility District,36.778261,-119.4179324,34894,859859228.5,24642.0367,Feb,15,36%,-2.515306782,-2.230197237Fallbrook Public Utility District,36.778261,-119.4179324,34894,649427462,18611.43641,Jan,15,36%,-2.515306782,-2.230197237Fallbrook Public Utility District,36.778261,-119.4179324,34894,468969270.8,13439.82549,Dec,14,36%,-2.515306782,-2.230197237Fallbrook Public Utility District,36.778261,-119.4179324,34894,1353744805,38795.9192,Aug,15,36%,-2.515306782,-2.230197237Fallbrook Public Utility District,36.778261,-119.4179324,34894,1144053126,32786.52853,Nov,14,36%,-2.515306782,-2.230197237Fallbrook Public Utility District,36.778261,-119.4179324,34894,1614379226,46265.23831,Oct,14,36%,-2.515306782,-2.230197237Fallbrook Public Utility District,36.778261,-119.4179324,34894,1723172202,49383.05159,Sep,14,36%,-2.515306782,-2.230197237Fallbrook Public Utility District,36.778261,-119.4179324,34894,1752529037,50224.36628,Jul,14,36%,-2.515306782,-2.230197237Fallbrook Public Utility District,36.778261,-119.4179324,34894,1528158942,43794.31826,Jun,14,36%,-2.515306782,-2.230197237Fallbrook Public Utility District,36.778261,-119.4179324,34894,1662114919,47633.25842,Aug,14,36%,-2.515306782,-2.230197237Fillmore  City of,37.7850955,-122.4308097,15222,296424299.3,19473.41344,Aug,14,28%,-1.940133304,-1.311074849Fillmore  City of,37.7850955,-122.4308097,15222,217127477.6,14264.05712,Jul,15,28%,-1.940133304,-1.311074849Fillmore  City of,37.7850955,-122.4308097,15222,218751419.5,14370.741,Jun,15,28%,-1.940133304,-1.311074849Fillmore  City of,37.7850955,-122.4308097,15222,211176809,13873.13159,May,15,28%,-1.940133304,-1.311074849Fillmore  City of,37.7850955,-122.4308097,15222,221919809.8,14578.88647,Apr,15,28%,-1.940133304,-1.311074849Fillmore  City of,37.7850955,-122.4308097,15222,204434989.3,13430.23186,Mar,15,28%,-1.940133304,-1.311074849Fillmore  City of,37.7850955,-122.4308097,15222,164483745.4,10805.65927,Feb,15,28%,-1.940133304,-1.311074849Fillmore  City of,37.7850955,-122.4308097,15222,178940235.9,11755.36959,Jan,15,28%,-1.940133304,-1.311074849Fillmore  City of,37.7850955,-122.4308097,15222,156193692,10261.04927,Dec,14,28%,-1.940133304,-1.311074849Fillmore  City of,37.7850955,-122.4308097,15222,221075662.8,14523.43075,Nov,14,28%,-1.940133304,-1.311074849Fillmore  City of,37.7850955,-122.4308097,15222,255276865.1,16770.25786,Oct,14,28%,-1.940133304,-1.311074849Fillmore  City of,37.7850955,-122.4308097,15222,277580515.7,18235.48257,Sep,14,28%,-1.940133304,-1.311074849Fillmore  City of,37.7850955,-122.4308097,15222,303620368.5,19946.15481,Jul,14,28%,-1.940133304,-1.311074849Fillmore  City of,37.7850955,-122.4308097,15222,238276577.4,15653.43433,Aug,15,28%,-1.940133304,-1.311074849Folsom  City of,37.7904501,-122.3905084,62620,2850573342,45521.77168,Jul,14,32%,-1.995910059,-1.294764184Folsom  City of,37.7904501,-122.3905084,63376,2416388221,38127.81211,Aug,15,32%,-1.995910059,-1.294764184Folsom  City of,37.7904501,-122.3905084,62620,2749427945,43906.54655,Aug,14,32%,-1.995910059,-1.294764184Folsom  City of,37.7904501,-122.3905084,62620,2622379457,41877.6662,Jun,14,32%,-1.995910059,-1.294764184Folsom  City of,37.7904501,-122.3905084,63376,2114185508,33359.40274,Jun,15,32%,-1.995910059,-1.294764184Folsom  City of,37.7904501,-122.3905084,60347,2105551145,34890.73433,Oct,14,32%,-1.995910059,-1.294764184Folsom  City of,37.7904501,-122.3905084,63376,2416388221,38127.81211,Jul,15,32%,-1.995910059,-1.294764184Folsom  City of,37.7904501,-122.3905084,61360,1085462805,17690.07178,Feb,15,32%,-1.995910059,-1.294764184Folsom  City of,37.7904501,-122.3905084,63376,1768810979,27909.79202,May,15,32%,-1.995910059,-1.294764184Folsom  City of,37.7904501,-122.3905084,61877,1544317536,24957.86052,Mar,15,32%,-1.995910059,-1.294764184Folsom  City of,37.7904501,-122.3905084,60347,1412335126,23403.56814,Nov,14,32%,-1.995910059,-1.294764184Folsom  City of,37.7904501,-122.3905084,60347,1189075163,19703.96479,Jan,15,32%,-1.995910059,-1.294764184Folsom  City of,37.7904501,-122.3905084,67375,2252320458,33429.61719,Sep,14,32%,-1.995910059,-1.294764184Folsom  City of,37.7904501,-122.3905084,60347,1117533296,18518.45653,Dec,14,32%,-1.995910059,-1.294764184Folsom  City of,37.7904501,-122.3905084,63376,1662731660,26235.98302,Apr,15,32%,-1.995910059,-1.294764184Fortuna  City of,37.7814388,-122.442984,11926,186242296.7,15616.4931,Aug,14,24%,-1.918919483,-1.313618815Fortuna  City of,37.7814388,-122.442984,11926,98712202.66,8277.05875,Feb,15,24%,-1.918919483,-1.313618815Fortuna  City of,37.7814388,-122.442984,11926,120754659.8,10125.32784,Jan,15,24%,-1.918919483,-1.313618815Fortuna  City of,37.7814388,-122.442984,11926,120376118.6,10093.587,Mar,15,24%,-1.918919483,-1.313618815Fortuna  City of,37.7814388,-122.442984,12032,144981300.1,12049.64262,Jun,15,24%,-1.918919483,-1.313618815Fortuna  City of,37.7814388,-122.442984,11926,138924640,11648.88814,Sep,14,24%,-1.918919483,-1.313618815Fortuna  City of,37.7814388,-122.442984,11926,178292930.4,14949.93547,Jul,14,24%,-1.918919483,-1.313618815Fortuna  City of,37.7814388,-122.442984,11926,117347788.6,9839.660285,Oct,14,24%,-1.918919483,-1.313618815Fortuna  City of,37.7814388,-122.442984,12032,155201913.9,12899.09524,Jul,15,24%,-1.918919483,-1.313618815Fortuna  City of,37.7814388,-122.442984,11926,106748633.5,8950.916776,Apr,15,24%,-1.918919483,-1.313618815Fortuna  City of,37.7814388,-122.442984,12032,150659418.9,12521.56074,Aug,15,24%,-1.918919483,-1.313618815Fortuna  City of,37.7814388,-122.442984,11926,102963220.9,8633.508379,Nov,14,24%,-1.918919483,-1.313618815Fortuna  City of,37.7814388,-122.442984,11926,105234468.5,8823.953417,Dec,14,24%,-1.918919483,-1.313618815Fortuna  City of,37.7814388,-122.442984,12032,123165967.6,10236.53321,May,15,24%,-1.918919483,-1.313618815Fountain Valley  City of,33.7084119,-117.9506182,59227,529533161.3,8940.739213,Feb,15,20%,-2.515664207,-1.87716596Fountain Valley  City of,33.7084119,-117.9506182,59227,958290969.1,16179.96807,Nov,14,20%,-2.515664207,-1.87716596Fountain Valley  City of,33.7084119,-117.9506182,56916,673727027.1,11837.21672,Mar,15,20%,-2.515664207,-1.87716596Fountain Valley  City of,33.7084119,-117.9506182,56916,899207255.1,15798.84839,May,15,20%,-2.515664207,-1.87716596Fountain Valley  City of,33.7084119,-117.9506182,56916,911542059.7,16015.56785,Jun,15,20%,-2.515664207,-1.87716596Fountain Valley  City of,33.7084119,-117.9506182,56916,946079512.6,16622.38233,Apr,15,20%,-2.515664207,-1.87716596Fountain Valley  City of,33.7084119,-117.9506182,59227,1082749148,18281.34377,Oct,14,20%,-2.515664207,-1.87716596Fountain Valley  City of,33.7084119,-117.9506182,59227,728740255.6,12304.18991,Dec,14,20%,-2.515664207,-1.87716596Fountain Valley  City of,33.7084119,-117.9506182,59227,916229285.5,15469.79056,Jul,15,20%,-2.515664207,-1.87716596Fountain Valley  City of,33.7084119,-117.9506182,59227,1189198511,20078.65519,Aug,14,20%,-2.515664207,-1.87716596Fountain Valley  City of,33.7084119,-117.9506182,59227,1199436399,20251.51365,Jun,14,20%,-2.515664207,-1.87716596Fountain Valley  City of,33.7084119,-117.9506182,59227,1130238145,19083.15709,Sep,14,20%,-2.515664207,-1.87716596Fountain Valley  City of,33.7084119,-117.9506182,59227,540264441.3,9121.928197,Jan,15,20%,-2.515664207,-1.87716596Fountain Valley  City of,33.7084119,-117.9506182,59227,981850445.9,16577.75079,Aug,15,20%,-2.515664207,-1.87716596Fountain Valley  City of,33.7084119,-117.9506182,59227,1368867275,23112.21698,Jul,14,20%,-2.515664207,-1.87716596Fresno  City of,36.8354582,-119.7948221,520159,12698014930,24411.7951,May,15,28%,-2.588506482,-2.334561197Fresno  City of,36.8354582,-119.7948221,515609,7847107150,15219.1043,Jan,15,28%,-2.588506482,-2.334561197Fresno  City of,36.8354582,-119.7948221,520159,14565396787,28001.81634,Jun,15,28%,-2.588506482,-2.334561197Fresno  City of,36.8354582,-119.7948221,515609,17464374309,33871.35273,Aug,14,28%,-2.588506482,-2.334561197Fresno  City of,36.8354582,-119.7948221,515609,8093785602,15697.52584,Dec,14,28%,-2.588506482,-2.334561197Fresno  City of,36.8354582,-119.7948221,515609,9900168337,19200.92228,Mar,15,28%,-2.588506482,-2.334561197Fresno  City of,36.8354582,-119.7948221,515609,7129122201,13826.60543,Feb,15,28%,-2.588506482,-2.334561197Fresno  City of,36.8354582,-119.7948221,520159,15792328483,30360.57914,Aug,15,28%,-2.588506482,-2.334561197Fresno  City of,36.8354582,-119.7948221,515609,13975586815,27105.00944,Oct,14,28%,-2.588506482,-2.334561197Fresno  City of,36.8354582,-119.7948221,503077,9522007707,18927.53536,Nov,14,28%,-2.588506482,-2.334561197Fresno  City of,36.8354582,-119.7948221,520159,15346293324,29503.08141,Jul,15,28%,-2.588506482,-2.334561197Fresno  City of,36.8354582,-119.7948221,515609,19882740298,38561.66261,Jul,14,28%,-2.588506482,-2.334561197Fresno  City of,36.8354582,-119.7948221,520159,11092314855,21324.85424,Apr,15,28%,-2.588506482,-2.334561197Fresno  City of,36.8354582,-119.7948221,515609,15538445255,30136.10169,Sep,14,28%,-2.588506482,-2.334561197Fresno  City of,36.8354582,-119.7948221,515609,18675011394,36219.32781,Jun,14,28%,-2.588506482,-2.334561197Fruitridge Vista Water Company,36.778261,-119.4179324,16800,420450312.7,25026.80433,Jun,14,36%,-2.515306782,-2.230197237Fruitridge Vista Water Company,36.778261,-119.4179324,21441,423354977.1,19745.11343,Jul,15,36%,-2.515306782,-2.230197237Fruitridge Vista Water Company,36.778261,-119.4179324,21441,318085088.5,14835.36628,Jun,15,36%,-2.515306782,-2.230197237Fruitridge Vista Water Company,36.778261,-119.4179324,21441,344661561.4,16074.88277,May,15,36%,-2.515306782,-2.230197237Fruitridge Vista Water Company,36.778261,-119.4179324,21441,249561649.2,11639.45941,Apr,15,36%,-2.515306782,-2.230197237Fruitridge Vista Water Company,36.778261,-119.4179324,21441,232158215.1,10827.76993,Mar,15,36%,-2.515306782,-2.230197237Fruitridge Vista Water Company,36.778261,-119.4179324,21441,256240631.1,11950.96456,Feb,15,36%,-2.515306782,-2.230197237Fruitridge Vista Water Company,36.778261,-119.4179324,21441,249561649.2,11639.45941,Jan,15,36%,-2.515306782,-2.230197237Fruitridge Vista Water Company,36.778261,-119.4179324,15000,209608134.1,13973.87561,Dec,14,36%,-2.515306782,-2.230197237Fruitridge Vista Water Company,36.778261,-119.4179324,16800,298792831.9,17785.28762,Nov,14,36%,-2.515306782,-2.230197237Fruitridge Vista Water Company,36.778261,-119.4179324,16800,325752161.5,19390.00961,Oct,14,36%,-2.515306782,-2.230197237Fruitridge Vista Water Company,36.778261,-119.4179324,21441,462312432.8,21562.07419,Sep,14,36%,-2.515306782,-2.230197237Fruitridge Vista Water Company,36.778261,-119.4179324,21441,536082552.3,25002.68422,Jul,14,36%,-2.515306782,-2.230197237Fruitridge Vista Water Company,36.778261,-119.4179324,21441,345492274,16113.62688,Aug,15,36%,-2.515306782,-2.230197237Fruitridge Vista Water Company,36.778261,-119.4179324,21441,396024938.3,18470.45093,Aug,14,36%,-2.515306782,-2.230197237Fullerton  City of,33.8378838,-117.9093918,138000,3545392885,25691.25279,Jun,14,28%,-2.461598955,-1.764700339Fullerton  City of,33.8378838,-117.9093918,138000,3682420230,26684.20456,Jul,14,28%,-2.461598955,-1.764700339Fullerton  City of,33.8378838,-117.9093918,138000,2955998917,21420.28201,Aug,15,28%,-2.461598955,-1.764700339Fullerton  City of,33.8378838,-117.9093918,138000,3581077475,25949.83678,Aug,14,28%,-2.461598955,-1.764700339Fullerton  City of,33.8378838,-117.9093918,138000,2520136262,18261.85697,May,15,28%,-2.461598955,-1.764700339Fullerton  City of,33.8378838,-117.9093918,138000,2738227942,19842.23146,Apr,15,28%,-2.461598955,-1.764700339Fullerton  City of,33.8378838,-117.9093918,138000,2701692251,19577.48008,Jul,15,28%,-2.461598955,-1.764700339Fullerton  City of,33.8378838,-117.9093918,138000,2695253483,19530.82234,Jun,15,28%,-2.461598955,-1.764700339Fullerton  City of,33.8378838,-117.9093918,138000,2204093899,15971.69492,Jan,15,28%,-2.461598955,-1.764700339Fullerton  City of,33.8378838,-117.9093918,138000,1912610131,13859.4937,Dec,14,28%,-2.461598955,-1.764700339Fullerton  City of,33.8378838,-117.9093918,138000,2806180381,20334.64044,Mar,15,28%,-2.461598955,-1.764700339Fullerton  City of,33.8378838,-117.9093918,138000,2225087736,16123.82417,Feb,15,28%,-2.461598955,-1.764700339Fullerton  City of,33.8378838,-117.9093918,138000,3155847421,22868.45957,Oct,14,28%,-2.461598955,-1.764700339Fullerton  City of,33.8378838,-117.9093918,138000,3421144399,24790.90144,Sep,14,28%,-2.461598955,-1.764700339Fullerton  City of,33.8378838,-117.9093918,138000,2662307220,19292.0813,Nov,14,28%,-2.461598955,-1.764700339Galt  City of,32.8380151,-117.2024724,24289,584846236.5,24078.64616,Aug,15,32%,-2.222511536,-1.428430603Galt  City of,32.8380151,-117.2024724,24289,592417061.6,24390.34384,Jul,15,32%,-2.222511536,-1.428430603Galt  City of,32.8380151,-117.2024724,24289,580682282.8,23907.21243,Jun,15,32%,-2.222511536,-1.428430603Galt  City of,32.8380151,-117.2024724,24289,456899292.9,18810.95528,May,15,32%,-2.222511536,-1.428430603Galt  City of,32.8380151,-117.2024724,24289,361128355.8,14867.97957,Apr,15,32%,-2.222511536,-1.428430603Galt  City of,32.8380151,-117.2024724,24289,376270005.9,15491.37494,Mar,15,32%,-2.222511536,-1.428430603Galt  City of,32.8380151,-117.2024724,24289,260057841.1,10706.81548,Feb,15,32%,-2.222511536,-1.428430603Galt  City of,32.8380151,-117.2024724,24289,276130702.7,11368.54966,Dec,14,32%,-2.222511536,-1.428430603Galt  City of,32.8380151,-117.2024724,24289,365670850.8,15054.99818,Nov,14,32%,-2.222511536,-1.428430603Galt  City of,32.8380151,-117.2024724,23647,562890843.8,23803.90087,Oct,14,32%,-2.222511536,-1.428430603Galt  City of,32.8380151,-117.2024724,24289,634813682,26135.85088,Sep,14,32%,-2.222511536,-1.428430603Galt  City of,32.8380151,-117.2024724,24289,754811259.3,31076.25918,Aug,14,32%,-2.222511536,-1.428430603Galt  City of,32.8380151,-117.2024724,24289,863452599.1,35549.12096,Jul,14,32%,-2.222511536,-1.428430603Galt  City of,32.8380151,-117.2024724,24289,266493042.4,10971.75851,Jan,15,32%,-2.222511536,-1.428430603Garden Grove  City of,33.7455063,-117.959922,177020,2439330957,13779.97377,Mar,15,20%,-2.485979127,-1.871269041Garden Grove  City of,33.7455063,-117.959922,177020,2227789058,12584.95683,Nov,14,20%,-2.485979127,-1.871269041Garden Grove  City of,33.7455063,-117.959922,177020,2343859570,13240.64834,Jun,15,20%,-2.485979127,-1.871269041Garden Grove  City of,33.7455063,-117.959922,177020,2667031450,15066.27189,Apr,15,20%,-2.485979127,-1.871269041Garden Grove  City of,33.7455063,-117.959922,177020,3364194606,19004.60177,Jun,14,20%,-2.485979127,-1.871269041Garden Grove  City of,33.7455063,-117.959922,177020,2954309049,16689.1258,Aug,14,20%,-2.485979127,-1.871269041Garden Grove  City of,33.7455063,-117.959922,177020,1975665652,11160.69174,Feb,15,20%,-2.485979127,-1.871269041Garden Grove  City of,33.7455063,-117.959922,177020,3022150474,17072.36738,Sep,14,20%,-2.485979127,-1.871269041Garden Grove  City of,33.7455063,-117.959922,177020,2113322072,11938.32376,Dec,14,20%,-2.485979127,-1.871269041Garden Grove  City of,33.7455063,-117.959922,177020,2416634917,13651.76204,Jul,15,20%,-2.485979127,-1.871269041Garden Grove  City of,33.7455063,-117.959922,177020,2616705447,14781.97631,Oct,14,20%,-2.485979127,-1.871269041Garden Grove  City of,33.7455063,-117.959922,177020,2515806746,14211.99156,Aug,15,20%,-2.485979127,-1.871269041Garden Grove  City of,33.7455063,-117.959922,177020,2146009304,12122.97652,May,15,20%,-2.485979127,-1.871269041Garden Grove  City of,33.7455063,-117.959922,177020,3163754031,17872.29709,Jul,14,20%,-2.485979127,-1.871269041Garden Grove  City of,33.7455063,-117.959922,177020,1977145829,11169.05338,Jan,15,20%,-2.485979127,-1.871269041Georgetown Divide Public Utilities District,36.778261,-119.4179324,9863,186507275.6,18909.7917,Jun,15,32%,-2.515306782,-2.230197237Georgetown Divide Public Utilities District,36.778261,-119.4179324,9499,93639749.86,9857.853444,Feb,15,32%,-2.515306782,-2.230197237Georgetown Divide Public Utilities District,36.778261,-119.4179324,9499,110041942.4,11584.58178,Nov,14,32%,-2.515306782,-2.230197237Georgetown Divide Public Utilities District,36.778261,-119.4179324,9499,175272171.2,18451.64451,Oct,14,32%,-2.515306782,-2.230197237Georgetown Divide Public Utilities District,36.778261,-119.4179324,9863,213610829.3,21657.79472,Jul,15,32%,-2.515306782,-2.230197237Georgetown Divide Public Utilities District,36.778261,-119.4179324,9863,123650500.4,12536.80426,Mar,15,32%,-2.515306782,-2.230197237Georgetown Divide Public Utilities District,36.778261,-119.4179324,9499,237810971.6,25035.36916,Jun,14,32%,-2.515306782,-2.230197237Georgetown Divide Public Utilities District,36.778261,-119.4179324,9499,106366306.8,11197.63205,Jan,15,32%,-2.515306782,-2.230197237Georgetown Divide Public Utilities District,36.778261,-119.4179324,9863,122950199.1,12465.80139,Apr,15,32%,-2.515306782,-2.230197237Georgetown Divide Public Utilities District,36.778261,-119.4179324,9864,224902714.9,22800.35634,Aug,15,32%,-2.515306782,-2.230197237Georgetown Divide Public Utilities District,36.778261,-119.4179324,9499,104556879.6,11007.14597,Dec,14,32%,-2.515306782,-2.230197237Georgetown Divide Public Utilities District,36.778261,-119.4179324,9863,193540572.1,19622.89081,Sep,14,32%,-2.515306782,-2.230197237Georgetown Divide Public Utilities District,36.778261,-119.4179324,9863,152571052.2,15469.03094,May,15,32%,-2.515306782,-2.230197237Georgetown Divide Public Utilities District,36.778261,-119.4179324,9863,257044652.7,26061.50793,Jul,14,32%,-2.515306782,-2.230197237Georgetown Divide Public Utilities District,36.778261,-119.4179324,9863,257044652.7,26061.50793,Aug,14,32%,-2.515306782,-2.230197237Gilroy  City of,37.7158413,-122.3892214,53095,823781475.7,15515.23638,Jun,15,24%,-1.993340882,-1.308211887Gilroy  City of,37.7158413,-122.3892214,53095,774079009.1,14579.13192,May,15,24%,-1.993340882,-1.308211887Gilroy  City of,37.7158413,-122.3892214,52413,520297382,9926.876577,Feb,15,24%,-1.993340882,-1.308211887Gilroy  City of,37.7158413,-122.3892214,52413,552439319.8,10540.1202,Jan,15,24%,-1.993340882,-1.308211887Gilroy  City of,37.7158413,-122.3892214,53000,710321305.8,13402.28879,Apr,15,24%,-1.993340882,-1.308211887Gilroy  City of,37.7158413,-122.3892214,53235,874585497.3,16428.76862,Aug,15,24%,-1.993340882,-1.308211887Gilroy  City of,37.7158413,-122.3892214,53183,878507184.7,16518.57144,Jul,15,24%,-1.993340882,-1.308211887Gilroy  City of,37.7158413,-122.3892214,52413,668753690.8,12759.30954,Mar,15,24%,-1.993340882,-1.308211887Gilroy  City of,37.7158413,-122.3892214,52413,509948064.1,9729.419498,Dec,14,24%,-1.993340882,-1.308211887Gilroy  City of,37.7158413,-122.3892214,52413,968694638.3,18481.95368,Sep,14,24%,-1.993340882,-1.308211887Gilroy  City of,37.7158413,-122.3892214,52413,920903805.1,17570.14109,Oct,14,24%,-1.993340882,-1.308211887Gilroy  City of,37.7158413,-122.3892214,52413,1136854019,21690.30621,Aug,14,24%,-1.993340882,-1.308211887Gilroy  City of,37.7158413,-122.3892214,52413,1196765744,22833.37614,Jul,14,24%,-1.993340882,-1.308211887Gilroy  City of,37.7158413,-122.3892214,52413,1145798949,21860.96864,Jun,14,24%,-1.993340882,-1.308211887Gilroy  City of,37.7158413,-122.3892214,52413,602762594.1,11500.24982,Nov,14,24%,-1.993340882,-1.308211887Glendale  City of,34.15013,-118.260367,193300,2723882564,14091.47731,Oct,14,20%,-2.360776212,-1.948327697Glendale  City of,34.15013,-118.260367,193300,2378656053,12305.51502,Jul,15,20%,-2.360776212,-1.948327697Glendale  City of,34.15013,-118.260367,193300,2367345037,12246.99968,Jun,15,20%,-2.360776212,-1.948327697Glendale  City of,34.15013,-118.260367,193300,2321977626,12012.30019,May,15,20%,-2.360776212,-1.948327697Glendale  City of,34.15013,-118.260367,193300,2459264001,12722.52458,Apr,15,20%,-2.360776212,-1.948327697Glendale  City of,34.15013,-118.260367,193300,2473251670,12794.88707,Mar,15,20%,-2.360776212,-1.948327697Glendale  City of,34.15013,-118.260367,193300,2131577582,11027.30255,Feb,15,20%,-2.360776212,-1.948327697Glendale  City of,34.15013,-118.260367,193300,2321373221,12009.17341,Jan,15,20%,-2.360776212,-1.948327697Glendale  City of,34.15013,-118.260367,193300,2104675374,10888.1292,Dec,14,20%,-2.360776212,-1.948327697Glendale  City of,34.15013,-118.260367,193300,2529560053,13086.18755,Nov,14,20%,-2.360776212,-1.948327697Glendale  City of,34.15013,-118.260367,193300,2904846483,15027.65899,Sep,14,20%,-2.360776212,-1.948327697Glendale  City of,34.15013,-118.260367,195800,3053727574,15596.15717,Aug,14,20%,-2.360776212,-1.948327697Glendale  City of,34.15013,-118.260367,195800,3204828930,16367.86992,Jul,14,20%,-2.360776212,-1.948327697Glendale  City of,34.15013,-118.260367,193300,2570696626,13298.99962,Aug,15,20%,-2.360776212,-1.948327697Glendale  City of,34.15013,-118.260367,195800,3048053564,15567.17857,Jun,14,20%,-2.360776212,-1.948327697Glendora  City of,34.1344084,-117.8791047,51463,992951770.1,19294.47895,Jun,15,36%,-2.43009792,-2.003756197Glendora  City of,34.1344084,-117.8791047,50073,941145590.8,18795.47043,Mar,15,36%,-2.43009792,-2.003756197Glendora  City of,34.1344084,-117.8791047,51463,1260246986,24488.40887,Aug,15,36%,-2.43009792,-2.003756197Glendora  City of,34.1344084,-117.8791047,51463,1058609935,20570.31139,Jul,15,36%,-2.43009792,-2.003756197Glendora  City of,34.1344084,-117.8791047,48200,864669802.3,17939.20752,Jan,15,36%,-2.43009792,-2.003756197Glendora  City of,34.1344084,-117.8791047,50073,820264505.7,16381.37331,May,15,36%,-2.43009792,-2.003756197Glendora  City of,34.1344084,-117.8791047,50073,899207255.1,17957.92653,Apr,15,36%,-2.43009792,-2.003756197Glendora  City of,34.1344084,-117.8791047,48200,738854795.4,15328.93766,Feb,15,36%,-2.43009792,-2.003756197Glendora  City of,34.1344084,-117.8791047,48200,1742907890,36159.91472,Aug,14,36%,-2.43009792,-2.003756197Glendora  City of,34.1344084,-117.8791047,48200,1665581515,34555.63309,Jul,14,36%,-2.43009792,-2.003756197Glendora  City of,34.1344084,-117.8791047,48200,2093333131,43430.14796,Jun,14,36%,-2.43009792,-2.003756197Glendora  City of,34.1344084,-117.8791047,48200,1451806501,30120.46683,Oct,14,36%,-2.43009792,-2.003756197Glendora  City of,34.1344084,-117.8791047,48200,1474009149,30581.10268,Sep,14,36%,-2.43009792,-2.003756197Glendora  City of,34.1344084,-117.8791047,48200,638942878.1,13256.07631,Dec,14,36%,-2.43009792,-2.003756197Glendora  City of,34.1344084,-117.8791047,48200,1023505081,21234.54525,Nov,14,36%,-2.43009792,-2.003756197Golden State Water Company Artesia,36.778261,-119.4179324,47978,531630078.1,11080.70528,Apr,15,16%,-2.515306782,-2.230197237Golden State Water Company Artesia,36.778261,-119.4179324,47978,537920828.5,11211.82268,Jul,15,16%,-2.515306782,-2.230197237Golden State Water Company Artesia,36.778261,-119.4179324,47978,531136685.9,11070.42157,Jun,15,16%,-2.515306782,-2.230197237Golden State Water Company Artesia,36.778261,-119.4179324,47978,540264441.3,11260.67034,Aug,15,16%,-2.515306782,-2.230197237Golden State Water Company Artesia,36.778261,-119.4179324,47978,484881168.7,10106.32308,Dec,14,16%,-2.515306782,-2.230197237Golden State Water Company Artesia,36.778261,-119.4179324,47978,548158716.3,11425.20981,Mar,15,16%,-2.515306782,-2.230197237Golden State Water Company Artesia,36.778261,-119.4179324,47978,460458255.6,9597.279078,Feb,15,16%,-2.515306782,-2.230197237Golden State Water Company Artesia,36.778261,-119.4179324,47978,528423028.9,11013.86112,May,15,16%,-2.515306782,-2.230197237Golden State Water Company Artesia,36.778261,-119.4179324,47978,592934057,12358.45715,Oct,14,16%,-2.515306782,-2.230197237Golden State Water Company Artesia,36.778261,-119.4179324,47978,599471503.4,12494.7164,Sep,14,16%,-2.515306782,-2.230197237Golden State Water Company Artesia,36.778261,-119.4179324,47978,643630103.9,13415.10909,Aug,14,16%,-2.515306782,-2.230197237Golden State Water Company Artesia,36.778261,-119.4179324,47978,628458294.2,13098.88479,Jun,14,16%,-2.515306782,-2.230197237Golden State Water Company Artesia,36.778261,-119.4179324,47978,488951654.2,10191.16375,Jan,15,16%,-2.515306782,-2.230197237Golden State Water Company Artesia,36.778261,-119.4179324,47978,533973691,11129.55294,Nov,14,16%,-2.515306782,-2.230197237Golden State Water Company Artesia,36.778261,-119.4179324,47978,672986938.8,14026.99026,Jul,14,16%,-2.515306782,-2.230197237Golden State Water Company Barstow,36.778261,-119.4179324,31209,381762202.3,12232.43943,Jan,15,24%,-2.515306782,-2.230197237Golden State Water Company Barstow,36.778261,-119.4179324,31209,562837133.8,18034.44948,Apr,15,24%,-2.515306782,-2.230197237Golden State Water Company Barstow,36.778261,-119.4179324,31209,493885576.1,15825.10097,Mar,15,24%,-2.515306782,-2.230197237Golden State Water Company Barstow,36.778261,-119.4179324,31209,379171893.3,12149.44065,Feb,15,24%,-2.515306782,-2.230197237Golden State Water Company Barstow,36.778261,-119.4179324,31209,632652127.8,20271.46425,May,15,24%,-2.515306782,-2.230197237Golden State Water Company Barstow,36.778261,-119.4179324,31209,906608137.9,29049.57345,Jul,14,24%,-2.515306782,-2.230197237Golden State Water Company Barstow,36.778261,-119.4179324,31209,660282090.1,21156.78458,Jul,15,24%,-2.515306782,-2.230197237Golden State Water Company Barstow,36.778261,-119.4179324,31209,686308527.8,21990.72472,Jun,15,24%,-2.515306782,-2.230197237Golden State Water Company Barstow,36.778261,-119.4179324,31209,628951686.4,20152.89456,Oct,14,24%,-2.515306782,-2.230197237Golden State Water Company Barstow,36.778261,-119.4179324,31209,720475936.5,23085.51817,Sep,14,24%,-2.515306782,-2.230197237Golden State Water Company Barstow,36.778261,-119.4179324,31209,346114617,11090.21811,Dec,14,24%,-2.515306782,-2.230197237Golden State Water Company Barstow,36.778261,-119.4179324,31209,475383369.2,15232.25253,Nov,14,24%,-2.515306782,-2.230197237Golden State Water Company Barstow,36.778261,-119.4179324,31209,815700628,26136.71146,Aug,14,24%,-2.515306782,-2.230197237Golden State Water Company Barstow,36.778261,-119.4179324,31209,817674196.7,26199.94863,Jun,14,24%,-2.515306782,-2.230197237Golden State Water Company Barstow,36.778261,-119.4179324,31209,718132323.6,23010.42403,Aug,15,24%,-2.515306782,-2.230197237Golden State Water Company Bay Point,36.778261,-119.4179324,22258,177127794,7957.93845,Jun,15,12%,-2.515306782,-2.230197237Golden State Water Company Bay Point,36.778261,-119.4179324,22258,186378897.5,8373.56894,Jul,15,12%,-2.515306782,-2.230197237Golden State Water Company Bay Point,36.778261,-119.4179324,22258,179471406.9,8063.231507,May,15,12%,-2.515306782,-2.230197237Golden State Water Company Bay Point,36.778261,-119.4179324,22258,170096955.4,7642.059277,Apr,15,12%,-2.515306782,-2.230197237Golden State Water Company Bay Point,36.778261,-119.4179324,22258,171083739.8,7686.393196,Mar,15,12%,-2.515306782,-2.230197237Golden State Water Company Bay Point,36.778261,-119.4179324,22258,139629988,6273.24953,Feb,15,12%,-2.515306782,-2.230197237Golden State Water Company Bay Point,36.778261,-119.4179324,22258,150484616.1,6760.922638,Jan,15,12%,-2.515306782,-2.230197237Golden State Water Company Bay Point,36.778261,-119.4179324,22258,151594748.5,6810.798297,Dec,14,12%,-2.515306782,-2.230197237Golden State Water Company Bay Point,36.778261,-119.4179324,22258,161955984.4,7276.304446,Nov,14,12%,-2.515306782,-2.230197237Golden State Water Company Bay Point,36.778261,-119.4179324,22258,198096961.8,8900.034227,Oct,14,12%,-2.515306782,-2.230197237Golden State Water Company Bay Point,36.778261,-119.4179324,22258,209074937.9,9393.249075,Sep,14,12%,-2.515306782,-2.230197237Golden State Water Company Bay Point,36.778261,-119.4179324,22258,188722510.3,8478.861997,Aug,15,12%,-2.515306782,-2.230197237Golden State Water Company Bay Point,36.778261,-119.4179324,22258,223753355.4,10052.71612,Aug,14,12%,-2.515306782,-2.230197237Golden State Water Company Bay Point,36.778261,-119.4179324,22258,243365694.7,10933.85276,Jul,14,12%,-2.515306782,-2.230197237Golden State Water Company Bay Point,36.778261,-119.4179324,22258,235594767.8,10584.72315,Jun,14,12%,-2.515306782,-2.230197237Golden State Water Company Bell-Bell Gardens,36.778261,-119.4179324,57934,490061786.6,8458.96687,Jun,15,8%,-2.515306782,-2.230197237Golden State Water Company Bell-Bell Gardens,36.778261,-119.4179324,57934,531506730.1,9174.348916,Oct,14,8%,-2.515306782,-2.230197237Golden State Water Company Bell-Bell Gardens,36.778261,-119.4179324,57934,504740204.1,8712.331344,Mar,15,8%,-2.515306782,-2.230197237Golden State Water Company Bell-Bell Gardens,36.778261,-119.4179324,57934,514361351.7,8878.402177,Aug,15,8%,-2.515306782,-2.230197237Golden State Water Company Bell-Bell Gardens,36.778261,-119.4179324,57934,483647688.2,8348.252982,May,15,8%,-2.515306782,-2.230197237Golden State Water Company Bell-Bell Gardens,36.778261,-119.4179324,57934,480440639.1,8292.896038,Apr,15,8%,-2.515306782,-2.230197237Golden State Water Company Bell-Bell Gardens,36.778261,-119.4179324,57934,561110261.1,9685.336091,Jun,14,8%,-2.515306782,-2.230197237Golden State Water Company Bell-Bell Gardens,36.778261,-119.4179324,57934,532370166.4,9189.252708,Sep,14,8%,-2.515306782,-2.230197237Golden State Water Company Bell-Bell Gardens,36.778261,-119.4179324,57934,560370172.8,9672.561412,Aug,14,8%,-2.515306782,-2.230197237Golden State Water Company Bell-Bell Gardens,36.778261,-119.4179324,57934,471066187.6,8131.083432,Nov,14,8%,-2.515306782,-2.230197237Golden State Water Company Bell-Bell Gardens,36.778261,-119.4179324,57934,446889970.5,7713.777239,Dec,14,8%,-2.515306782,-2.230197237Golden State Water Company Bell-Bell Gardens,36.778261,-119.4179324,57934,431224768.7,7443.379858,Feb,15,8%,-2.515306782,-2.230197237Golden State Water Company Bell-Bell Gardens,36.778261,-119.4179324,57934,581586036.7,10038.76889,Jul,14,8%,-2.515306782,-2.230197237Golden State Water Company Bell-Bell Gardens,36.778261,-119.4179324,57934,457991294.7,7905.39743,Jan,15,8%,-2.515306782,-2.230197237Golden State Water Company Bell-Bell Gardens,36.778261,-119.4179324,57934,499066194,8614.392136,Jul,15,8%,-2.515306782,-2.230197237Golden State Water Company Claremont,36.778261,-119.4179324,37160,601691768.2,16191.92057,Jan,15,32%,-2.515306782,-2.230197237Golden State Water Company Claremont,36.778261,-119.4179324,37160,898220470.8,24171.70266,Nov,14,32%,-2.515306782,-2.230197237Golden State Water Company Claremont,36.778261,-119.4179324,37160,517321704.8,13921.46676,Dec,14,32%,-2.515306782,-2.230197237Golden State Water Company Claremont,36.778261,-119.4179324,37160,967418724.5,26033.8731,Aug,15,32%,-2.515306782,-2.230197237Golden State Water Company Claremont,36.778261,-119.4179324,37160,886872450.5,23866.31998,Jul,15,32%,-2.515306782,-2.230197237Golden State Water Company Claremont,36.778261,-119.4179324,37160,1299841708,34979.59388,Oct,14,32%,-2.515306782,-2.230197237Golden State Water Company Claremont,36.778261,-119.4179324,37160,689145532.8,18545.3588,Feb,15,32%,-2.515306782,-2.230197237Golden State Water Company Claremont,36.778261,-119.4179324,37160,987894500.2,26584.88967,Apr,15,32%,-2.515306782,-2.230197237Golden State Water Company Claremont,36.778261,-119.4179324,37160,1536176565,41339.52004,Jul,14,32%,-2.515306782,-2.230197237Golden State Water Company Claremont,36.778261,-119.4179324,37160,1456000335,39181.92504,Jun,14,32%,-2.515306782,-2.230197237Golden State Water Company Claremont,36.778261,-119.4179324,37160,1430467289,38494.81402,Sep,14,32%,-2.515306782,-2.230197237Golden State Water Company Claremont,36.778261,-119.4179324,37160,1429110461,38458.30088,Aug,14,32%,-2.515306782,-2.230197237Golden State Water Company Claremont,36.778261,-119.4179324,37160,905991397.7,24380.8234,Jun,15,32%,-2.515306782,-2.230197237Golden State Water Company Claremont,36.778261,-119.4179324,37160,884405489.6,23799.93244,Mar,15,32%,-2.515306782,-2.230197237Golden State Water Company Claremont,36.778261,-119.4179324,37160,802625735.1,21599.18555,May,15,32%,-2.515306782,-2.230197237Golden State Water Company Cordova,36.778261,-119.4179324,43767,1579595077,36091.00639,Aug,15,36%,-2.515306782,-2.230197237Golden State Water Company Cordova,36.778261,-119.4179324,43767,1547894629,35366.70617,Jul,15,36%,-2.515306782,-2.230197237Golden State Water Company Cordova,36.778261,-119.4179324,43767,2018220728,46112.84137,Jun,14,36%,-2.515306782,-2.230197237Golden State Water Company Cordova,36.778261,-119.4179324,43767,1076088353,24586.7515,Mar,15,36%,-2.515306782,-2.230197237Golden State Water Company Cordova,36.778261,-119.4179324,43767,1408017945,32170.76667,Jun,15,36%,-2.515306782,-2.230197237Golden State Water Company Cordova,36.778261,-119.4179324,43767,1275048751,29132.65134,May,15,36%,-2.515306782,-2.230197237Golden State Water Company Cordova,36.778261,-119.4179324,43767,1169586172,26723.01441,Apr,15,36%,-2.515306782,-2.230197237Golden State Water Company Cordova,36.778261,-119.4179324,43767,1088423158,24868.58038,Nov,14,36%,-2.515306782,-2.230197237Golden State Water Company Cordova,36.778261,-119.4179324,43767,738731447.3,16878.73163,Feb,15,36%,-2.515306782,-2.230197237Golden State Water Company Cordova,36.778261,-119.4179324,43767,859735880.4,19643.47295,Jan,15,36%,-2.515306782,-2.230197237Golden State Water Company Cordova,36.778261,-119.4179324,43767,908211662.5,20751.06044,Dec,14,36%,-2.515306782,-2.230197237Golden State Water Company Cordova,36.778261,-119.4179324,43767,2164018118,49444.05873,Jul,14,36%,-2.515306782,-2.230197237Golden State Water Company Cordova,36.778261,-119.4179324,43767,1566273488,35786.6312,Oct,14,36%,-2.515306782,-2.230197237Golden State Water Company Cordova,36.778261,-119.4179324,43767,1821110551,41609.21586,Sep,14,36%,-2.515306782,-2.230197237Golden State Water Company Cordova,36.778261,-119.4179324,43767,2021797821,46194.57174,Aug,14,36%,-2.515306782,-2.230197237Golden State Water Company Cowan Heights,36.778261,-119.4179324,7254,333409768.3,45962.19579,Oct,14,36%,-2.515306782,-2.230197237Golden State Water Company Cowan Heights,36.778261,-119.4179324,7254,363136647.3,50060.19401,Sep,14,36%,-2.515306782,-2.230197237Golden State Water Company Cowan Heights,36.778261,-119.4179324,7254,258660852.4,35657.68575,Apr,15,36%,-2.515306782,-2.230197237Golden State Water Company Cowan Heights,36.778261,-119.4179324,7254,249903141.1,34450.39166,Mar,15,36%,-2.515306782,-2.230197237Golden State Water Company Cowan Heights,36.778261,-119.4179324,7254,243242346.7,33532.168,Aug,15,36%,-2.515306782,-2.230197237Golden State Water Company Cowan Heights,36.778261,-119.4179324,7254,257057327.8,35436.6319,Nov,14,36%,-2.515306782,-2.230197237Golden State Water Company Cowan Heights,36.778261,-119.4179324,7254,374484667.6,51624.57507,Jun,14,36%,-2.515306782,-2.230197237Golden State Water Company Cowan Heights,36.778261,-119.4179324,7254,220546306.2,30403.40587,May,15,36%,-2.515306782,-2.230197237Golden State Water Company Cowan Heights,36.778261,-119.4179324,7254,383119030.8,52814.86501,Jul,14,36%,-2.515306782,-2.230197237Golden State Water Company Cowan Heights,36.778261,-119.4179324,7254,232264370.6,32018.79936,Jun,15,36%,-2.515306782,-2.230197237Golden State Water Company Cowan Heights,36.778261,-119.4179324,7254,198960398.1,27427.68102,Feb,15,36%,-2.515306782,-2.230197237Golden State Water Company Cowan Heights,36.778261,-119.4179324,7254,224370095.6,30930.53427,Jul,15,36%,-2.515306782,-2.230197237Golden State Water Company Cowan Heights,36.778261,-119.4179324,7254,138519855.6,19095.65145,Dec,14,36%,-2.515306782,-2.230197237Golden State Water Company Cowan Heights,36.778261,-119.4179324,7254,186378897.5,25693.25854,Jan,15,36%,-2.515306782,-2.230197237Golden State Water Company Cowan Heights,36.778261,-119.4179324,7254,381268810.1,52559.80288,Aug,14,36%,-2.515306782,-2.230197237Golden State Water Company Culver City,36.778261,-119.4179324,36215,557039775.6,15381.46557,Aug,15,16%,-2.515306782,-2.230197237Golden State Water Company Culver City,36.778261,-119.4179324,36215,531506730.1,14676.42496,Jul,15,16%,-2.515306782,-2.230197237Golden State Water Company Culver City,36.778261,-119.4179324,36215,514608047.8,14209.80389,Jun,15,16%,-2.515306782,-2.230197237Golden State Water Company Culver City,36.778261,-119.4179324,36215,525586023.9,14512.93729,Apr,15,16%,-2.515306782,-2.230197237Golden State Water Company Culver City,36.778261,-119.4179324,36215,529163117.2,14611.71109,Mar,15,16%,-2.515306782,-2.230197237Golden State Water Company Culver City,36.778261,-119.4179324,36215,444052965.5,12261.57574,Feb,15,16%,-2.515306782,-2.230197237Golden State Water Company Culver City,36.778261,-119.4179324,36215,510414214.2,14094.00012,May,15,16%,-2.515306782,-2.230197237Golden State Water Company Culver City,36.778261,-119.4179324,36215,601568420.2,16611.02914,Oct,14,16%,-2.515306782,-2.230197237Golden State Water Company Culver City,36.778261,-119.4179324,36215,487594825.7,13463.89136,Jan,15,16%,-2.515306782,-2.230197237Golden State Water Company Culver City,36.778261,-119.4179324,36215,437885563.2,12091.27608,Dec,14,16%,-2.515306782,-2.230197237Golden State Water Company Culver City,36.778261,-119.4179324,36215,664105879.5,18337.86772,Jul,14,16%,-2.515306782,-2.230197237Golden State Water Company Culver City,36.778261,-119.4179324,36215,649180765.9,17925.74254,Jun,14,16%,-2.515306782,-2.230197237Golden State Water Company Culver City,36.778261,-119.4179324,36215,627718205.9,17333.09971,Sep,14,16%,-2.515306782,-2.230197237Golden State Water Company Culver City,36.778261,-119.4179324,36215,638696182,17636.23311,Aug,14,16%,-2.515306782,-2.230197237Golden State Water Company Culver City,36.778261,-119.4179324,36215,539647701.1,14901.22052,Nov,14,16%,-2.515306782,-2.230197237Golden State Water Company Florence Graham,36.778261,-119.4179324,65492,520035361.8,7940.440998,Aug,15,8%,-2.515306782,-2.230197237Golden State Water Company Florence Graham,36.778261,-119.4179324,65492,486854737.4,7433.8047,Jun,15,8%,-2.515306782,-2.230197237Golden State Water Company Florence Graham,36.778261,-119.4179324,65492,503630071.7,7689.947958,Jul,15,8%,-2.515306782,-2.230197237Golden State Water Company Florence Graham,36.778261,-119.4179324,65492,563083829.9,8597.749799,Jul,14,8%,-2.515306782,-2.230197237Golden State Water Company Florence Graham,36.778261,-119.4179324,65492,500423022.5,7640.979394,Mar,15,8%,-2.515306782,-2.230197237Golden State Water Company Florence Graham,36.778261,-119.4179324,65492,437022126.9,6672.908552,Feb,15,8%,-2.515306782,-2.230197237Golden State Water Company Florence Graham,36.778261,-119.4179324,65492,475630065.3,7262.414726,Jan,15,8%,-2.515306782,-2.230197237Golden State Water Company Florence Graham,36.778261,-119.4179324,65492,491048571,7497.840515,Nov,14,8%,-2.515306782,-2.230197237Golden State Water Company Florence Graham,36.778261,-119.4179324,65492,486114649.2,7422.504263,Apr,15,8%,-2.515306782,-2.230197237Golden State Water Company Florence Graham,36.778261,-119.4179324,65492,538290872.6,8219.185131,Oct,14,8%,-2.515306782,-2.230197237Golden State Water Company Florence Graham,36.778261,-119.4179324,65492,553092638.1,8445.193888,Sep,14,8%,-2.515306782,-2.230197237Golden State Water Company Florence Graham,36.778261,-119.4179324,65492,474396584.8,7243.580663,Dec,14,8%,-2.515306782,-2.230197237Golden State Water Company Florence Graham,36.778261,-119.4179324,65492,482784251.9,7371.652292,May,15,8%,-2.515306782,-2.230197237Golden State Water Company Florence Graham,36.778261,-119.4179324,65492,536934044.1,8198.467662,Jun,14,8%,-2.515306782,-2.230197237Golden State Water Company Florence Graham,36.778261,-119.4179324,65492,577022159,8810.574712,Aug,14,8%,-2.515306782,-2.230197237Golden State Water Company Norwalk,36.778261,-119.4179324,44466,489198350.3,11001.62709,Aug,15,12%,-2.515306782,-2.230197237Golden State Water Company Norwalk,36.778261,-119.4179324,44466,401127845.5,9021.001338,Jan,15,12%,-2.515306782,-2.230197237Golden State Water Company Norwalk,36.778261,-119.4179324,44466,428634459.7,9639.600138,Mar,15,12%,-2.515306782,-2.230197237Golden State Water Company Norwalk,36.778261,-119.4179324,44466,384599207.3,8649.287261,Feb,15,12%,-2.515306782,-2.230197237Golden State Water Company Norwalk,36.778261,-119.4179324,44466,523612455.1,11775.56909,Sep,14,12%,-2.515306782,-2.230197237Golden State Water Company Norwalk,36.778261,-119.4179324,44466,454537549.4,10222.13712,Nov,14,12%,-2.515306782,-2.230197237Golden State Water Company Norwalk,36.778261,-119.4179324,44466,512264434.9,11520.36241,Oct,14,12%,-2.515306782,-2.230197237Golden State Water Company Norwalk,36.778261,-119.4179324,44466,449480279.5,10108.40371,Jul,15,12%,-2.515306782,-2.230197237Golden State Water Company Norwalk,36.778261,-119.4179324,44466,375718148,8449.560294,Dec,14,12%,-2.515306782,-2.230197237Golden State Water Company Norwalk,36.778261,-119.4179324,44466,451083804.1,10144.46553,Apr,15,12%,-2.515306782,-2.230197237Golden State Water Company Norwalk,36.778261,-119.4179324,44466,561233609.2,12621.63471,Jul,14,12%,-2.515306782,-2.230197237Golden State Water Company Norwalk,36.778261,-119.4179324,44466,542731402.3,12205.53687,Aug,14,12%,-2.515306782,-2.230197237Golden State Water Company Norwalk,36.778261,-119.4179324,44466,444916401.8,10005.76624,Jun,15,12%,-2.515306782,-2.230197237Golden State Water Company Norwalk,36.778261,-119.4179324,44466,444916401.8,10005.76624,May,15,12%,-2.515306782,-2.230197237Golden State Water Company Norwalk,36.778261,-119.4179324,44466,527436244.6,11861.56264,Jun,14,12%,-2.515306782,-2.230197237Golden State Water Company Orcutt,36.778261,-119.4179324,31872,603912033.1,18948.04321,Aug,15,32%,-2.515306782,-2.230197237Golden State Water Company Orcutt,36.778261,-119.4179324,31872,631912039.5,19826.55746,Jul,15,32%,-2.515306782,-2.230197237Golden State Water Company Orcutt,36.778261,-119.4179324,31872,633145520,19865.25853,Jun,15,32%,-2.515306782,-2.230197237Golden State Water Company Orcutt,36.778261,-119.4179324,31872,530643293.8,16649.19973,Jan,15,32%,-2.515306782,-2.230197237Golden State Water Company Orcutt,36.778261,-119.4179324,31872,642519971.5,20159.38665,Apr,15,32%,-2.515306782,-2.230197237Golden State Water Company Orcutt,36.778261,-119.4179324,31872,637092657.4,19989.10195,Mar,15,32%,-2.515306782,-2.230197237Golden State Water Company Orcutt,36.778261,-119.4179324,31872,654484731.9,20534.78702,May,15,32%,-2.515306782,-2.230197237Golden State Water Company Orcutt,36.778261,-119.4179324,31872,833339398.6,26146.44197,Sep,14,32%,-2.515306782,-2.230197237Golden State Water Company Orcutt,36.778261,-119.4179324,31872,401621237.7,12601.06795,Dec,14,32%,-2.515306782,-2.230197237Golden State Water Company Orcutt,36.778261,-119.4179324,31872,578872379.7,18162.41151,Nov,14,32%,-2.515306782,-2.230197237Golden State Water Company Orcutt,36.778261,-119.4179324,31872,827788736.5,25972.28716,Oct,14,32%,-2.515306782,-2.230197237Golden State Water Company Orcutt,36.778261,-119.4179324,31872,482167511.7,15128.24773,Feb,15,32%,-2.515306782,-2.230197237Golden State Water Company Orcutt,36.778261,-119.4179324,31872,907594922.2,28476.24631,Aug,14,32%,-2.515306782,-2.230197237Golden State Water Company Orcutt,36.778261,-119.4179324,31872,959771145.7,30113.30151,Jul,14,32%,-2.515306782,-2.230197237Golden State Water Company Orcutt,36.778261,-119.4179324,31872,934731492.4,29327.66982,Jun,14,32%,-2.515306782,-2.230197237Golden State Water Company Placentia,36.778261,-119.4179324,46543,644986932.4,13857.87191,Mar,15,24%,-2.515306782,-2.230197237Golden State Water Company Placentia,36.778261,-119.4179324,46543,513004523.2,11022.1628,Feb,15,24%,-2.515306782,-2.230197237Golden State Water Company Placentia,36.778261,-119.4179324,46543,658061825.3,14138.79263,Jun,15,24%,-2.515306782,-2.230197237Golden State Water Company Placentia,36.778261,-119.4179324,46543,625867985.3,13447.09162,May,15,24%,-2.515306782,-2.230197237Golden State Water Company Placentia,36.778261,-119.4179324,46543,666572840.4,14321.65611,Aug,15,24%,-2.515306782,-2.230197237Golden State Water Company Placentia,36.778261,-119.4179324,46543,472546364.1,10152.8987,Dec,14,24%,-2.515306782,-2.230197237Golden State Water Company Placentia,36.778261,-119.4179324,46543,679647733.3,14602.57683,Nov,14,24%,-2.515306782,-2.230197237Golden State Water Company Placentia,36.778261,-119.4179324,46543,676810728.2,14541.62233,Apr,15,24%,-2.515306782,-2.230197237Golden State Water Company Placentia,36.778261,-119.4179324,46543,634749044.6,13637.90569,Jul,15,24%,-2.515306782,-2.230197237Golden State Water Company Placentia,36.778261,-119.4179324,46543,975683043.6,20963.04586,Jul,14,24%,-2.515306782,-2.230197237Golden State Water Company Placentia,36.778261,-119.4179324,46543,929920918.6,19979.82336,Jun,14,24%,-2.515306782,-2.230197237Golden State Water Company Placentia,36.778261,-119.4179324,46543,544211578.8,11692.66224,Jan,15,24%,-2.515306782,-2.230197237Golden State Water Company Placentia,36.778261,-119.4179324,46543,924986996.7,19873.81554,Aug,14,24%,-2.515306782,-2.230197237Golden State Water Company Placentia,36.778261,-119.4179324,46543,888599323.2,19092.00789,Sep,14,24%,-2.515306782,-2.230197237Golden State Water Company Placentia,36.778261,-119.4179324,46543,804722651.9,17289.875,Oct,14,24%,-2.515306782,-2.230197237Golden State Water Company S Arcadia,36.778261,-119.4179324,26827,449850323.7,16768.56613,Jul,14,24%,-2.515306782,-2.230197237Golden State Water Company S Arcadia,36.778261,-119.4179324,26827,292951609.2,10920.02867,May,15,24%,-2.515306782,-2.230197237Golden State Water Company S Arcadia,36.778261,-119.4179324,26827,336986861.6,12561.4814,Aug,15,24%,-2.515306782,-2.230197237Golden State Water Company S Arcadia,36.778261,-119.4179324,26827,322555140.2,12023.52631,Jul,15,24%,-2.515306782,-2.230197237Golden State Water Company S Arcadia,36.778261,-119.4179324,26827,313797428.9,11697.07492,Jun,15,24%,-2.515306782,-2.230197237Golden State Water Company S Arcadia,36.778261,-119.4179324,26827,320704919.5,11954.5577,Nov,14,24%,-2.515306782,-2.230197237Golden State Water Company S Arcadia,36.778261,-119.4179324,26827,295048526,10998.19309,Mar,15,24%,-2.515306782,-2.230197237Golden State Water Company S Arcadia,36.778261,-119.4179324,26827,254713714.9,9494.677561,Feb,15,24%,-2.515306782,-2.230197237Golden State Water Company S Arcadia,36.778261,-119.4179324,26827,438008911.2,16327.16708,Aug,14,24%,-2.515306782,-2.230197237Golden State Water Company S Arcadia,36.778261,-119.4179324,26827,268652044.1,10014.24103,Jan,15,24%,-2.515306782,-2.230197237Golden State Water Company S Arcadia,36.778261,-119.4179324,26827,445163097.9,16593.84567,Jun,14,24%,-2.515306782,-2.230197237Golden State Water Company S Arcadia,36.778261,-119.4179324,26827,405568375.1,15117.91759,Sep,14,24%,-2.515306782,-2.230197237Golden State Water Company S Arcadia,36.778261,-119.4179324,26827,384599207.3,14336.27343,Oct,14,24%,-2.515306782,-2.230197237Golden State Water Company S Arcadia,36.778261,-119.4179324,26827,254837063,9499.275468,Dec,14,24%,-2.515306782,-2.230197237Golden State Water Company S Arcadia,36.778261,-119.4179324,26827,304793021.6,11361.42773,Apr,15,24%,-2.515306782,-2.230197237Golden State Water Company S San Gabriel,36.778261,-119.4179324,27656,253973626.7,9183.310191,Mar,15,12%,-2.515306782,-2.230197237Golden State Water Company S San Gabriel,36.778261,-119.4179324,27656,273092573.8,9874.623003,Aug,15,12%,-2.515306782,-2.230197237Golden State Water Company S San Gabriel,36.778261,-119.4179324,27656,264828254.7,9575.797465,Jul,15,12%,-2.515306782,-2.230197237Golden State Water Company S San Gabriel,36.778261,-119.4179324,27656,254590366.9,9205.610605,Jun,15,12%,-2.515306782,-2.230197237Golden State Water Company S San Gabriel,36.778261,-119.4179324,27656,222643223,8050.449196,Feb,15,12%,-2.515306782,-2.230197237Golden State Water Company S San Gabriel,36.778261,-119.4179324,27656,243982434.9,8822.043496,Apr,15,12%,-2.515306782,-2.230197237Golden State Water Company S San Gabriel,36.778261,-119.4179324,27656,241268777.9,8723.921678,Jan,15,12%,-2.515306782,-2.230197237Golden State Water Company S San Gabriel,36.778261,-119.4179324,27656,236458204.1,8549.978454,Dec,14,12%,-2.515306782,-2.230197237Golden State Water Company S San Gabriel,36.778261,-119.4179324,27656,243489042.7,8804.203165,May,15,12%,-2.515306782,-2.230197237Golden State Water Company S San Gabriel,36.778261,-119.4179324,27656,248793008.7,8995.98672,Nov,14,12%,-2.515306782,-2.230197237Golden State Water Company S San Gabriel,36.778261,-119.4179324,27656,278396539.8,10066.40656,Oct,14,12%,-2.515306782,-2.230197237Golden State Water Company S San Gabriel,36.778261,-119.4179324,27656,284563942.1,10289.41069,Sep,14,12%,-2.515306782,-2.230197237Golden State Water Company S San Gabriel,36.778261,-119.4179324,27656,297268790.8,10748.7992,Aug,14,12%,-2.515306782,-2.230197237Golden State Water Company S San Gabriel,36.778261,-119.4179324,27656,307383330.6,11114.52598,Jul,14,12%,-2.515306782,-2.230197237Golden State Water Company S San Gabriel,36.778261,-119.4179324,27656,296528702.5,10722.03871,Jun,14,12%,-2.515306782,-2.230197237Golden State Water Company San Dimas,36.778261,-119.4179324,54872,813603711.2,14827.30192,Feb,15,28%,-2.515306782,-2.230197237Golden State Water Company San Dimas,36.778261,-119.4179324,54872,1103965011,20118.91332,Jun,15,28%,-2.515306782,-2.230197237Golden State Water Company San Dimas,36.778261,-119.4179324,54872,1034890106,18860.07628,Mar,15,28%,-2.515306782,-2.230197237Golden State Water Company San Dimas,36.778261,-119.4179324,54872,775735861.1,14137.18948,Jan,15,28%,-2.515306782,-2.230197237Golden State Water Company San Dimas,36.778261,-119.4179324,54872,1078431966,19653.5932,Jul,15,28%,-2.515306782,-2.230197237Golden State Water Company San Dimas,36.778261,-119.4179324,54872,1056229318,19248.96701,Nov,14,28%,-2.515306782,-2.230197237Golden State Water Company San Dimas,36.778261,-119.4179324,54872,1401110454,25534.16049,Oct,14,28%,-2.515306782,-2.230197237Golden State Water Company San Dimas,36.778261,-119.4179324,54872,663735835.4,12096.07515,Dec,14,28%,-2.515306782,-2.230197237Golden State Water Company San Dimas,36.778261,-119.4179324,54872,1590943097,28993.71441,Jun,14,28%,-2.515306782,-2.230197237Golden State Water Company San Dimas,36.778261,-119.4179324,54872,1674943116,30524.55016,Jul,14,28%,-2.515306782,-2.230197237Golden State Water Company San Dimas,36.778261,-119.4179324,54872,965691851.9,17598.99132,May,15,28%,-2.515306782,-2.230197237Golden State Water Company San Dimas,36.778261,-119.4179324,54872,1633621521,29771.49586,Aug,14,28%,-2.515306782,-2.230197237Golden State Water Company San Dimas,36.778261,-119.4179324,54872,1166995863,21267.60211,Aug,15,28%,-2.515306782,-2.230197237Golden State Water Company San Dimas,36.778261,-119.4179324,54872,1561586262,28458.70867,Sep,14,28%,-2.515306782,-2.230197237Golden State Water Company San Dimas,36.778261,-119.4179324,54872,1097304217,19997.52546,Apr,15,28%,-2.515306782,-2.230197237Golden State Water Company Simi Valley,36.778261,-119.4179324,43351,553586030.3,12769.85607,Jul,15,24%,-2.515306782,-2.230197237Golden State Water Company Simi Valley,36.778261,-119.4179324,43351,601321724.1,13871.00007,Aug,15,24%,-2.515306782,-2.230197237Golden State Water Company Simi Valley,36.778261,-119.4179324,43351,520528754,12007.30673,Jan,15,24%,-2.515306782,-2.230197237Golden State Water Company Simi Valley,36.778261,-119.4179324,43351,581956080.9,13424.28274,Apr,15,24%,-2.515306782,-2.230197237Golden State Water Company Simi Valley,36.778261,-119.4179324,43351,587506743,13552.32274,Mar,15,24%,-2.515306782,-2.230197237Golden State Water Company Simi Valley,36.778261,-119.4179324,43351,590467096.1,13620.61074,Jun,15,24%,-2.515306782,-2.230197237Golden State Water Company Simi Valley,36.778261,-119.4179324,43351,919189638.6,21203.42411,Jul,14,24%,-2.515306782,-2.230197237Golden State Water Company Simi Valley,36.778261,-119.4179324,43351,627964902,14485.59207,Nov,14,24%,-2.515306782,-2.230197237Golden State Water Company Simi Valley,36.778261,-119.4179324,43351,864299758.1,19937.25077,Aug,14,24%,-2.515306782,-2.230197237Golden State Water Company Simi Valley,36.778261,-119.4179324,43351,486608041.4,11224.84006,Feb,15,24%,-2.515306782,-2.230197237Golden State Water Company Simi Valley,36.778261,-119.4179324,43351,556916427.6,12846.68007,May,15,24%,-2.515306782,-2.230197237Golden State Water Company Simi Valley,36.778261,-119.4179324,43351,888599323.2,20497.78144,Jun,14,24%,-2.515306782,-2.230197237Golden State Water Company Simi Valley,36.778261,-119.4179324,43351,761674183.9,17569.93342,Oct,14,24%,-2.515306782,-2.230197237Golden State Water Company Simi Valley,36.778261,-119.4179324,43351,411242385.3,9486.341382,Dec,14,24%,-2.515306782,-2.230197237Golden State Water Company Simi Valley,36.778261,-119.4179324,43351,793127935.6,18295.49343,Sep,14,24%,-2.515306782,-2.230197237Golden State Water Company Southwest,33.7833786,-118.4062049,271677,2825533689,10400.34191,Jun,15,12%,-2.642146718,-1.888668579Golden State Water Company Southwest,33.7833786,-118.4062049,271677,2918661464,10743.1305,Jul,15,12%,-2.642146718,-1.888668579Golden State Water Company Southwest,33.7833786,-118.4062049,271677,3042502902,11198.97121,Sep,14,12%,-2.642146718,-1.888668579Golden State Water Company Southwest,33.7833786,-118.4062049,271677,2815912541,10364.92799,May,15,12%,-2.642146718,-1.888668579Golden State Water Company Southwest,33.7833786,-118.4062049,271677,2975154869,10951.07377,Aug,15,12%,-2.642146718,-1.888668579Golden State Water Company Southwest,33.7833786,-118.4062049,271677,2826520473,10403.97411,Mar,15,12%,-2.642146718,-1.888668579Golden State Water Company Southwest,33.7833786,-118.4062049,271677,2439824349,8980.606931,Feb,15,12%,-2.642146718,-1.888668579Golden State Water Company Southwest,33.7833786,-118.4062049,271677,2598449936,9564.482589,Jan,15,12%,-2.642146718,-1.888668579Golden State Water Company Southwest,33.7833786,-118.4062049,271677,2851560127,10496.1411,Apr,15,12%,-2.642146718,-1.888668579Golden State Water Company Southwest,33.7833786,-118.4062049,271677,2572546847,9469.13742,Dec,14,12%,-2.642146718,-1.888668579Golden State Water Company Southwest,33.7833786,-118.4062049,271677,3289198994,12107.02045,Jul,14,12%,-2.642146718,-1.888668579Golden State Water Company Southwest,33.7833786,-118.4062049,271677,3168071213,11661.16827,Jun,14,12%,-2.642146718,-1.888668579Golden State Water Company Southwest,33.7833786,-118.4062049,271677,3050397177,11228.02879,Oct,14,12%,-2.642146718,-1.888668579Golden State Water Company Southwest,33.7833786,-118.4062049,271677,2752018254,10129.74324,Nov,14,12%,-2.642146718,-1.888668579Golden State Water Company Southwest,33.7833786,-118.4062049,271677,3185093243,11723.82367,Aug,14,12%,-2.642146718,-1.888668579Golden State Water Company West Orange,36.778261,-119.4179324,111904,1440951873,12876.67888,Jul,15,16%,-2.515306782,-2.230197237Golden State Water Company West Orange,36.778261,-119.4179324,111904,1453533374,12989.11007,Nov,14,16%,-2.515306782,-2.230197237Golden State Water Company West Orange,36.778261,-119.4179324,111904,1706273520,15247.65442,Oct,14,16%,-2.515306782,-2.230197237Golden State Water Company West Orange,36.778261,-119.4179324,111904,1251612622,11184.69959,Jan,15,16%,-2.515306782,-2.230197237Golden State Water Company West Orange,36.778261,-119.4179324,111904,1426273456,12745.50915,May,15,16%,-2.515306782,-2.230197237Golden State Water Company West Orange,36.778261,-119.4179324,111904,1986026888,17747.59515,Jun,14,16%,-2.515306782,-2.230197237Golden State Water Company West Orange,36.778261,-119.4179324,111904,1517180965,13557.87966,Aug,15,16%,-2.515306782,-2.230197237Golden State Water Company West Orange,36.778261,-119.4179324,111904,1448476104,12943.91714,Jun,15,16%,-2.515306782,-2.230197237Golden State Water Company West Orange,36.778261,-119.4179324,111904,1446009143,12921.87181,Mar,15,16%,-2.515306782,-2.230197237Golden State Water Company West Orange,36.778261,-119.4179324,111904,1135418763,10146.36441,Dec,14,16%,-2.515306782,-2.230197237Golden State Water Company West Orange,36.778261,-119.4179324,111904,1212141248,10831.97426,Feb,15,16%,-2.515306782,-2.230197237Golden State Water Company West Orange,36.778261,-119.4179324,111904,1922255948,17177.7233,Aug,14,16%,-2.515306782,-2.230197237Golden State Water Company West Orange,36.778261,-119.4179324,111904,2022044518,18069.45701,Jul,14,16%,-2.515306782,-2.230197237Golden State Water Company West Orange,36.778261,-119.4179324,111904,1809145790,16166.94479,Sep,14,16%,-2.515306782,-2.230197237Golden State Water Company West Orange,36.778261,-119.4179324,111904,1455136898,13003.43954,Apr,15,16%,-2.515306782,-2.230197237Goleta Water District,34.4451275,-119.7993478,86946,790660974.7,9093.701547,Jan,15,12%,-2.291068584,-1.773187996Goleta Water District,34.4451275,-119.7993478,86946,1201409968,13817.88659,Mar,15,12%,-2.291068584,-1.773187996Goleta Water District,34.4451275,-119.7993478,86946,1303788846,14995.38617,Jul,15,12%,-2.291068584,-1.773187996Goleta Water District,34.4451275,-119.7993478,86946,654978124.1,7533.15994,Dec,14,12%,-2.291068584,-1.773187996Goleta Water District,34.4451275,-119.7993478,86946,1568987145,18045.53567,Jun,14,12%,-2.291068584,-1.773187996Goleta Water District,34.4451275,-119.7993478,86946,1397533361,16073.57855,Aug,15,12%,-2.291068584,-1.773187996Goleta Water District,34.4451275,-119.7993478,86946,1300088405,14952.82594,May,15,12%,-2.291068584,-1.773187996Goleta Water District,34.4451275,-119.7993478,86946,823964947.1,9476.743577,Feb,15,12%,-2.291068584,-1.773187996Goleta Water District,34.4451275,-119.7993478,86946,1596123715,18357.644,Aug,14,12%,-2.291068584,-1.773187996Goleta Water District,34.4451275,-119.7993478,86946,1329691936,15293.30775,Apr,15,12%,-2.291068584,-1.773187996Goleta Water District,34.4451275,-119.7993478,86946,1604758078,18456.95119,Oct,14,12%,-2.291068584,-1.773187996Goleta Water District,34.4451275,-119.7993478,86946,1686167788,19393.27615,Sep,14,12%,-2.291068584,-1.773187996Goleta Water District,34.4451275,-119.7993478,86946,1161938593,13363.91085,Nov,14,12%,-2.291068584,-1.773187996Goleta Water District,34.4451275,-119.7993478,86946,1140969425,13122.73624,Jun,15,12%,-2.291068584,-1.773187996Goleta Water District,34.4451275,-119.7993478,86946,1670132542,19208.84851,Jul,14,12%,-2.291068584,-1.773187996Great Oaks Water Company Incorporated,36.778261,-119.4179324,99199,1122507923,11315.71813,Jul,15,20%,-2.515306782,-2.230197237Great Oaks Water Company Incorporated,36.778261,-119.4179324,99199,1049329228,10578.02224,Jun,15,20%,-2.515306782,-2.230197237Great Oaks Water Company Incorporated,36.778261,-119.4179324,97958,727447568.1,7426.11699,Feb,15,20%,-2.515306782,-2.230197237Great Oaks Water Company Incorporated,36.778261,-119.4179324,99199,978597757.9,9864.996199,May,15,20%,-2.515306782,-2.230197237Great Oaks Water Company Incorporated,36.778261,-119.4179324,99199,945476340.6,9531.107578,Apr,15,20%,-2.515306782,-2.230197237Great Oaks Water Company Incorporated,36.778261,-119.4179324,99199,1105220695,11141.44996,Aug,15,20%,-2.515306782,-2.230197237Great Oaks Water Company Incorporated,36.778261,-119.4179324,97958,858565307.5,8764.626753,Nov,14,20%,-2.515306782,-2.230197237Great Oaks Water Company Incorporated,36.778261,-119.4179324,97958,777993130.3,7942.109173,Jan,15,20%,-2.515306782,-2.230197237Great Oaks Water Company Incorporated,36.778261,-119.4179324,97958,718851442.7,7338.363817,Dec,14,20%,-2.515306782,-2.230197237Great Oaks Water Company Incorporated,36.778261,-119.4179324,99199,931483738.3,9390.051697,Mar,15,20%,-2.515306782,-2.230197237Great Oaks Water Company Incorporated,36.778261,-119.4179324,97958,1255673240,12818.48588,Sep,14,20%,-2.515306782,-2.230197237Great Oaks Water Company Incorporated,36.778261,-119.4179324,92995,1420978124,15280.15618,Aug,14,20%,-2.515306782,-2.230197237Great Oaks Water Company Incorporated,36.778261,-119.4179324,92995,1468221659,15788.17849,Jul,14,20%,-2.515306782,-2.230197237Great Oaks Water Company Incorporated,36.778261,-119.4179324,97958,1140985460,11647.70065,Oct,14,20%,-2.515306782,-2.230197237Groveland Community Services District,36.778261,-119.4179324,3400,54724179.7,16095.34697,Jun,14,24%,-2.515306782,-2.230197237Groveland Community Services District,36.778261,-119.4179324,3400,58441924.2,17188.80124,Jul,15,24%,-2.515306782,-2.230197237Groveland Community Services District,36.778261,-119.4179324,3400,34173235.62,10050.95165,Nov,14,24%,-2.515306782,-2.230197237Groveland Community Services District,36.778261,-119.4179324,3140,31564598.06,10052.41977,Apr,15,24%,-2.515306782,-2.230197237Groveland Community Services District,36.778261,-119.4179324,3400,32604590.95,9589.585573,Mar,15,24%,-2.515306782,-2.230197237Groveland Community Services District,36.778261,-119.4179324,3400,40827233.77,12008.00993,Jun,15,24%,-2.515306782,-2.230197237Groveland Community Services District,36.778261,-119.4179324,3400,32463016.52,9547.946035,May,15,24%,-2.515306782,-2.230197237Groveland Community Services District,36.778261,-119.4179324,3400,26700937.27,7853.216844,Dec,14,24%,-2.515306782,-2.230197237Groveland Community Services District,36.778261,-119.4179324,3400,39521917.54,11624.09339,Oct,14,24%,-2.515306782,-2.230197237Groveland Community Services District,36.778261,-119.4179324,3400,23518344.11,6917.160032,Feb,15,24%,-2.515306782,-2.230197237Groveland Community Services District,36.778261,-119.4179324,3400,25109640.69,7385.188438,Jan,15,24%,-2.515306782,-2.230197237Groveland Community Services District,36.778261,-119.4179324,3400,60344684.52,17748.43662,Jul,14,24%,-2.515306782,-2.230197237Groveland Community Services District,36.778261,-119.4179324,3400,49146147.21,14454.74918,Aug,15,24%,-2.515306782,-2.230197237Groveland Community Services District,36.778261,-119.4179324,3400,40617703.62,11946.38342,Sep,14,24%,-2.515306782,-2.230197237Groveland Community Services District,36.778261,-119.4179324,3400,54681707.37,16082.85511,Aug,14,24%,-2.515306782,-2.230197237Grover Beach  City of,35.0925212,-120.5822413,13156,122398266,9303.607937,May,15,8%,-2.647126625,-2.280100794Grover Beach  City of,35.0925212,-120.5822413,13156,111691655.6,8489.788357,Aug,14,8%,-2.647126625,-2.280100794Grover Beach  City of,35.0925212,-120.5822413,13156,141356860.7,10744.66864,Mar,15,8%,-2.647126625,-2.280100794Grover Beach  City of,35.0925212,-120.5822413,13156,113813242,8651.052145,Feb,15,8%,-2.647126625,-2.280100794Grover Beach  City of,35.0925212,-120.5822413,13156,139950693,10637.78451,Aug,15,8%,-2.647126625,-2.280100794Grover Beach  City of,35.0925212,-120.5822413,13156,131069633.6,9962.72679,Apr,15,8%,-2.647126625,-2.280100794Grover Beach  City of,35.0925212,-120.5822413,13156,102983283.6,7827.856763,Oct,14,8%,-2.647126625,-2.280100794Grover Beach  City of,35.0925212,-120.5822413,13156,95964779.76,7294.373652,Sep,14,8%,-2.647126625,-2.280100794Grover Beach  City of,35.0925212,-120.5822413,13156,139383291.9,10594.65582,Jul,14,8%,-2.647126625,-2.280100794Grover Beach  City of,35.0925212,-120.5822413,13156,135793863.8,10321.81999,Jul,15,8%,-2.647126625,-2.280100794Grover Beach  City of,35.0925212,-120.5822413,13156,132919854.3,10103.36381,Jun,15,8%,-2.647126625,-2.280100794Grover Beach  City of,35.0925212,-120.5822413,13156,133203554.8,10124.92816,Jan,15,8%,-2.647126625,-2.280100794Grover Beach  City of,35.0925212,-120.5822413,13156,110778880.1,8420.407425,Dec,14,8%,-2.647126625,-2.280100794Grover Beach  City of,35.0925212,-120.5822413,13156,94126893.88,7154.674208,Nov,14,8%,-2.647126625,-2.280100794Hanford  City of,36.3284841,-119.6456951,57050,1588206207,27838.84674,May,15,28%,-2.451460326,-2.156432638Hanford  City of,36.3284841,-119.6456951,57050,553376701.5,9699.854541,Feb,15,28%,-2.451460326,-2.156432638Hanford  City of,36.3284841,-119.6456951,57050,667588654.4,11701.8169,Jan,15,28%,-2.451460326,-2.156432638Hanford  City of,36.3284841,-119.6456951,57050,1865640643,32701.85177,Jul,15,28%,-2.451460326,-2.156432638Hanford  City of,36.3284841,-119.6456951,57050,1040842103,18244.38392,Apr,15,28%,-2.451460326,-2.156432638Hanford  City of,36.3284841,-119.6456951,57050,1929905062,33828.30959,Aug,15,28%,-2.451460326,-2.156432638Hanford  City of,36.3284841,-119.6456951,57050,1802672388,31598.11372,Jun,15,28%,-2.451460326,-2.156432638Hanford  City of,36.3284841,-119.6456951,57050,906108860.9,15882.71448,Mar,15,28%,-2.451460326,-2.156432638Hanford  City of,36.3284841,-119.6456951,57050,1076916706,18876.71702,Oct,14,28%,-2.451460326,-2.156432638Hanford  City of,36.3284841,-119.6456951,57050,1509630089,26461.52655,Aug,14,28%,-2.451460326,-2.156432638Hanford  City of,36.3284841,-119.6456951,57050,1805274594,31643.72645,Sep,14,28%,-2.451460326,-2.156432638Hanford  City of,36.3284841,-119.6456951,57050,1787601960,31333.95197,Jul,14,28%,-2.451460326,-2.156432638Hanford  City of,36.3284841,-119.6456951,57050,2130546765,37345.25443,Jun,14,28%,-2.451460326,-2.156432638Hanford  City of,36.3284841,-119.6456951,57050,868188528.7,15218.02855,Dec,14,28%,-2.451460326,-2.156432638Hanford  City of,36.3284841,-119.6456951,57050,855183743.9,14990.07439,Nov,14,28%,-2.451460326,-2.156432638Hawthorne  City of,33.9654801,-118.3002512,44189,410748993.1,9295.276949,Dec,14,16%,-2.447432425,-1.827768786Hawthorne  City of,33.9654801,-118.3002512,44459,383612423,8628.453698,Feb,15,16%,-2.447432425,-1.827768786Hawthorne  City of,33.9654801,-118.3002512,44504,405074983,9101.99045,Apr,15,16%,-2.447432425,-1.827768786Hawthorne  City of,33.9654801,-118.3002512,43496,537797480.4,12364.29742,Aug,14,16%,-2.447432425,-1.827768786Hawthorne  City of,33.9654801,-118.3002512,44471,421603621.1,9480.416926,May,15,16%,-2.447432425,-1.827768786Hawthorne  City of,33.9654801,-118.3002512,44507,433321685.5,9736.034455,Mar,15,16%,-2.447432425,-1.827768786Hawthorne  City of,33.9654801,-118.3002512,44191,452687328.7,10243.88063,Nov,14,16%,-2.447432425,-1.827768786Hawthorne  City of,33.9654801,-118.3002512,44227,414449434.5,9370.959696,Jan,15,16%,-2.447432425,-1.827768786Hawthorne  City of,33.9654801,-118.3002512,44572,412475865.7,9254.147575,Jun,15,16%,-2.447432425,-1.827768786Hawthorne  City of,33.9654801,-118.3002512,44189,530396597.7,12002.91017,Sep,14,16%,-2.447432425,-1.827768786Hawthorne  City of,33.9654801,-118.3002512,44165,532863558.6,12065.29058,Oct,14,16%,-2.447432425,-1.827768786Hawthorne  City of,33.9654801,-118.3002512,43496,548898804.6,12619.52374,Jul,14,16%,-2.447432425,-1.827768786Hawthorne  City of,33.9654801,-118.3002512,44528,443436225.3,9958.592914,Aug,15,16%,-2.447432425,-1.827768786Hawthorne  City of,33.9654801,-118.3002512,43496,487224781.6,11201.59972,Jun,14,16%,-2.447432425,-1.827768786Hawthorne  City of,33.9654801,-118.3002512,44566,436652082.7,9797.874674,Jul,15,16%,-2.447432425,-1.827768786Hayward  City of,37.6557643,-122.0566238,152889,1712809912,11202.96366,Jul,15,8%,-2.02317171,-1.563020131Hayward  City of,37.6557643,-122.0566238,151037,1505949851,9970.73466,Apr,15,8%,-2.02317171,-1.563020131Hayward  City of,37.6557643,-122.0566238,152889,1352973018,8849.381038,Aug,15,8%,-2.02317171,-1.563020131Hayward  City of,37.6557643,-122.0566238,151037,1867324243,12363.35629,Jun,14,8%,-2.02317171,-1.563020131Hayward  City of,37.6557643,-122.0566238,151037,1720882486,11393.7809,Sep,14,8%,-2.02317171,-1.563020131Hayward  City of,37.6557643,-122.0566238,151037,1185861393,7851.462842,Dec,14,8%,-2.02317171,-1.563020131Hayward  City of,37.6557643,-122.0566238,151037,1390453432,9206.045087,May,15,8%,-2.02317171,-1.563020131Hayward  City of,37.6557643,-122.0566238,151037,1462367579,9682.181046,Jun,15,8%,-2.02317171,-1.563020131Hayward  City of,37.6557643,-122.0566238,151037,1537637040,10180.53218,Nov,14,8%,-2.02317171,-1.563020131Hayward  City of,37.6557643,-122.0566238,151037,1592018609,10540.5868,Jan,15,8%,-2.02317171,-1.563020131Hayward  City of,37.6557643,-122.0566238,151037,1344079312,8899.006945,Feb,15,8%,-2.02317171,-1.563020131Hayward  City of,37.6557643,-122.0566238,151037,1916592145,12689.55385,Jul,14,8%,-2.02317171,-1.563020131Hayward  City of,37.6557643,-122.0566238,151037,1843160320,12203.3695,Oct,14,8%,-2.02317171,-1.563020131Hayward  City of,37.6557643,-122.0566238,151037,1315713459,8711.199636,Mar,15,8%,-2.02317171,-1.563020131Hayward  City of,37.6557643,-122.0566238,151037,1971123783,13050.60206,Aug,14,8%,-2.02317171,-1.563020131Healdsburg  City of,38.6120052,-122.8736501,11687,218799615.4,18721.62363,Aug,15,24%,-1.547197519,-1.382753816Healdsburg  City of,38.6120052,-122.8736501,11687,221414850.9,18945.39667,Jul,15,24%,-1.547197519,-1.382753816Healdsburg  City of,38.6120052,-122.8736501,11687,191481640.7,16384.15682,Jun,15,24%,-1.547197519,-1.382753816Healdsburg  City of,38.6120052,-122.8736501,11687,183220008.2,15677.24892,May,15,24%,-1.547197519,-1.382753816Healdsburg  City of,38.6120052,-122.8736501,11687,158347788.6,13549.05353,Apr,15,24%,-1.547197519,-1.382753816Healdsburg  City of,38.6120052,-122.8736501,11687,149623987.4,12802.6001,Mar,15,24%,-1.547197519,-1.382753816Healdsburg  City of,38.6120052,-122.8736501,11687,105876353.3,9059.326883,Feb,15,24%,-1.547197519,-1.382753816Healdsburg  City of,38.6120052,-122.8736501,11687,110813333.7,9481.760395,Jan,15,24%,-1.547197519,-1.382753816Healdsburg  City of,38.6120052,-122.8736501,11564,111714080.2,9660.505035,Dec,14,24%,-1.547197519,-1.382753816Healdsburg  City of,38.6120052,-122.8736501,11564,130352967,11272.30777,Nov,14,24%,-1.547197519,-1.382753816Healdsburg  City of,38.6120052,-122.8736501,11564,191520569.9,16561.79263,Oct,14,24%,-1.547197519,-1.382753816Healdsburg  City of,38.6120052,-122.8736501,11564,256012098.2,22138.71482,Jun,14,24%,-1.547197519,-1.382753816Healdsburg  City of,38.6120052,-122.8736501,11564,210487243.2,18201.94078,Sep,14,24%,-1.547197519,-1.382753816Healdsburg  City of,38.6120052,-122.8736501,11564,252456505.6,21831.244,Aug,14,24%,-1.547197519,-1.382753816Healdsburg  City of,38.6120052,-122.8736501,11564,274577805.4,23744.18933,Jul,14,24%,-1.547197519,-1.382753816Helix Water District,36.778261,-119.4179324,270375,2515436701,9303.510685,Jan,15,20%,-2.515306782,-2.230197237Helix Water District,36.778261,-119.4179324,268802,3855859917,14344.61022,Sep,14,20%,-2.515306782,-2.230197237Helix Water District,36.778261,-119.4179324,268802,2371612880,8822.898936,Dec,14,20%,-2.515306782,-2.230197237Helix Water District,36.778261,-119.4179324,268802,3705868693,13786.61131,Oct,14,20%,-2.515306782,-2.230197237Helix Water District,36.778261,-119.4179324,270375,2592529230,9588.642553,Feb,15,20%,-2.515306782,-2.230197237Helix Water District,36.778261,-119.4179324,270375,3071613041,11360.56603,Jun,15,20%,-2.515306782,-2.230197237Helix Water District,36.778261,-119.4179324,268802,3179912625,11829.94407,Nov,14,20%,-2.515306782,-2.230197237Helix Water District,36.778261,-119.4179324,270375,2940740764,10876.52617,Mar,15,20%,-2.515306782,-2.230197237Helix Water District,36.778261,-119.4179324,268802,4056547188,15091.2091,Jun,14,20%,-2.515306782,-2.230197237Helix Water District,36.778261,-119.4179324,270375,3163383987,11699.98701,Apr,15,20%,-2.515306782,-2.230197237Helix Water District,36.778261,-119.4179324,268802,4236388639,15760.25714,Jul,14,20%,-2.515306782,-2.230197237Helix Water District,36.778261,-119.4179324,270375,2950485260,10912.56684,Jul,15,20%,-2.515306782,-2.230197237Helix Water District,36.778261,-119.4179324,268802,4032864363,15003.10401,Aug,14,20%,-2.515306782,-2.230197237Helix Water District,36.778261,-119.4179324,270375,2749427945,10168.94293,May,15,20%,-2.515306782,-2.230197237Helix Water District,36.778261,-119.4179324,270375,3230485324,11948.16578,Aug,15,20%,-2.515306782,-2.230197237Hemet  City of,33.7392539,-117.0501488,29982,433210672.3,14449.02516,Jun,15,32%,-2.059120099,-1.268863058Hemet  City of,33.7392539,-117.0501488,29982,351369243.8,11719.33973,May,15,32%,-2.059120099,-1.268863058Hemet  City of,33.7392539,-117.0501488,23537,555682947.1,23608.91138,Aug,14,32%,-2.059120099,-1.268863058Hemet  City of,33.7392539,-117.0501488,23537,551143739,23416.05723,Jul,14,32%,-2.059120099,-1.268863058Hemet  City of,33.7392539,-117.0501488,29982,431224768.7,14382.78863,Jul,15,32%,-2.059120099,-1.268863058Hemet  City of,33.7392539,-117.0501488,29982,448259133.9,14950.94169,Aug,15,32%,-2.059120099,-1.268863058Hemet  City of,33.7392539,-117.0501488,29982,429029173.5,14309.55818,Apr,15,32%,-2.059120099,-1.268863058Hemet  City of,33.7392539,-117.0501488,23537,307136634.5,13049.09863,Dec,14,32%,-2.059120099,-1.268863058Hemet  City of,33.7392539,-117.0501488,23537,556225678.5,23631.97003,Jun,14,32%,-2.059120099,-1.268863058Hemet  City of,33.7392539,-117.0501488,23537,472200989.6,20062.07204,Sep,14,32%,-2.059120099,-1.268863058Hemet  City of,33.7392539,-117.0501488,29982,334458226.6,11155.30074,Jan,15,32%,-2.059120099,-1.268863058Hemet  City of,33.7392539,-117.0501488,23537,371129600.7,15767.92288,Nov,14,32%,-2.059120099,-1.268863058Hemet  City of,33.7392539,-117.0501488,23537,502026547.1,21329.24957,Oct,14,32%,-2.059120099,-1.268863058Hemet  City of,33.7392539,-117.0501488,29982,309578925.8,10325.49282,Feb,15,32%,-2.059120099,-1.268863058Hemet  City of,33.7392539,-117.0501488,29982,361989510.5,12073.56115,Mar,15,32%,-2.059120099,-1.268863058Hesperia Water District City of,36.778261,-119.4179324,91627,1498678759,16356.30064,Jul,15,32%,-2.515306782,-2.230197237Hesperia Water District City of,36.778261,-119.4179324,91627,1249515706,13636.98152,Nov,14,32%,-2.515306782,-2.230197237Hesperia Water District City of,36.778261,-119.4179324,91627,1194009085,13031.19261,Mar,15,32%,-2.515306782,-2.230197237Hesperia Water District City of,36.778261,-119.4179324,91627,1752775733,19129.46766,Aug,15,32%,-2.515306782,-2.230197237Hesperia Water District City of,36.778261,-119.4179324,91627,1329691936,14512.00995,Apr,15,32%,-2.515306782,-2.230197237Hesperia Water District City of,36.778261,-119.4179324,91627,1501145719,16383.22459,Oct,14,32%,-2.515306782,-2.230197237Hesperia Water District City of,36.778261,-119.4179324,91627,930044266.6,10150.32978,Feb,15,32%,-2.515306782,-2.230197237Hesperia Water District City of,36.778261,-119.4179324,91627,1383965076,15104.33689,May,15,32%,-2.515306782,-2.230197237Hesperia Water District City of,36.778261,-119.4179324,91627,830132349.4,9059.909736,Dec,14,32%,-2.515306782,-2.230197237Hesperia Water District City of,36.778261,-119.4179324,90173,2194361738,24335.01977,Jun,14,32%,-2.515306782,-2.230197237Hesperia Water District City of,36.778261,-119.4179324,91627,1757709655,19183.31556,Sep,14,32%,-2.515306782,-2.230197237Hesperia Water District City of,36.778261,-119.4179324,91627,1717004800,18739.07036,Jun,15,32%,-2.515306782,-2.230197237Hesperia Water District City of,36.778261,-119.4179324,90173,2098150262,23268.05432,Jul,14,32%,-2.515306782,-2.230197237Hesperia Water District City of,36.778261,-119.4179324,90173,1945198685,21571.85283,Aug,14,32%,-2.515306782,-2.230197237Hesperia Water District City of,36.778261,-119.4179324,91627,886872450.5,9679.160624,Jan,15,32%,-2.515306782,-2.230197237Hi-Desert Water District,36.778261,-119.4179324,24601,372461759.6,15140.10648,Aug,14,16%,-2.515306782,-2.230197237Hi-Desert Water District,36.778261,-119.4179324,24601,314895226.6,12800.09864,Oct,14,16%,-2.515306782,-2.230197237Hi-Desert Water District,36.778261,-119.4179324,24601,335778050.7,13648.95942,Sep,14,16%,-2.515306782,-2.230197237Hi-Desert Water District,36.778261,-119.4179324,24601,372757794.9,15152.13995,Jun,14,16%,-2.515306782,-2.230197237Hi-Desert Water District,36.778261,-119.4179324,23760,385610661.3,16229.40494,Aug,15,16%,-2.515306782,-2.230197237Hi-Desert Water District,36.778261,-119.4179324,24601,241996531.4,9836.857501,Dec,14,16%,-2.515306782,-2.230197237Hi-Desert Water District,36.778261,-119.4179324,23760,307309321.7,12933.89401,May,15,16%,-2.515306782,-2.230197237Hi-Desert Water District,36.778261,-119.4179324,23760,287178920.6,12086.65491,Apr,15,16%,-2.515306782,-2.230197237Hi-Desert Water District,36.778261,-119.4179324,24601,272722529.6,11085.83105,Nov,14,16%,-2.515306782,-2.230197237Hi-Desert Water District,36.778261,-119.4179324,24601,407591283.1,16568.07785,Jul,14,16%,-2.515306782,-2.230197237Hi-Desert Water District,36.778261,-119.4179324,24601,237790363,9665.881998,Jan,15,16%,-2.515306782,-2.230197237Hi-Desert Water District,36.778261,-119.4179324,23760,358905809.4,15105.46336,Jul,15,16%,-2.515306782,-2.230197237Hi-Desert Water District,36.778261,-119.4179324,23760,347002722.9,14604.49171,Jun,15,16%,-2.515306782,-2.230197237Hi-Desert Water District,36.778261,-119.4179324,23760,267492572.5,11258.1049,Mar,15,16%,-2.515306782,-2.230197237Hi-Desert Water District,36.778261,-119.4179324,24601,218992120.8,8901.756872,Feb,15,16%,-2.515306782,-2.230197237Hillsborough  Town of,37.5781196,-122.3418238,10850,286068122.3,26365.72556,Apr,15,36%,-2.175009357,-1.370714264Hillsborough  Town of,37.5781196,-122.3418238,10850,343949411.7,31700.40661,Jul,15,36%,-2.175009357,-1.370714264Hillsborough  Town of,37.5781196,-122.3418238,10850,171919491.8,15845.11446,Feb,15,36%,-2.175009357,-1.370714264Hillsborough  Town of,37.5781196,-122.3418238,10850,262306270.2,24175.6931,Mar,15,36%,-2.175009357,-1.370714264Hillsborough  Town of,37.5781196,-122.3418238,10825,141379056.1,13060.42088,Dec,14,36%,-2.175009357,-1.370714264Hillsborough  Town of,37.5781196,-122.3418238,10850,370712641.8,34167.06376,Aug,15,36%,-2.175009357,-1.370714264Hillsborough  Town of,37.5781196,-122.3418238,10850,160720954.5,14812.9912,Jan,15,36%,-2.175009357,-1.370714264Hillsborough  Town of,37.5781196,-122.3418238,10850,270124010.1,24896.22213,May,15,36%,-2.175009357,-1.370714264Hillsborough  Town of,37.5781196,-122.3418238,10825,505647229.8,46711.06049,Jun,14,36%,-2.175009357,-1.370714264Hillsborough  Town of,37.5781196,-122.3418238,10825,446188801.2,41218.36501,Aug,14,36%,-2.175009357,-1.370714264Hillsborough  Town of,37.5781196,-122.3418238,10825,125987084.2,11638.52972,Nov,14,36%,-2.175009357,-1.370714264Hillsborough  Town of,37.5781196,-122.3418238,10850,552160092.7,50890.33112,Jul,14,36%,-2.175009357,-1.370714264Hillsborough  Town of,37.5781196,-122.3418238,10850,357268734,32927.99392,Jun,15,36%,-2.175009357,-1.370714264Hillsborough  Town of,37.5781196,-122.3418238,10825,328919870.4,30385.20743,Oct,14,36%,-2.175009357,-1.370714264Hillsborough  Town of,37.5781196,-122.3418238,10825,392798252.7,36286.21272,Sep,14,36%,-2.175009357,-1.370714264Hollister  City of,37.7806599,-122.2900159,23021,433965734.4,18850.86375,Aug,14,20%,-2.095193824,-1.37041184Hollister  City of,37.7806599,-122.2900159,23021,423454734,18394.28061,Jun,14,20%,-2.095193824,-1.37041184Hollister  City of,37.7806599,-122.2900159,20409,309609512,15170.24411,Jun,15,20%,-2.095193824,-1.37041184Hollister  City of,37.7806599,-122.2900159,20541,377831458.3,18394.01481,Aug,15,20%,-2.095193824,-1.37041184Hollister  City of,37.7806599,-122.2900159,23021,379906061.2,16502.58726,Sep,14,20%,-2.095193824,-1.37041184Hollister  City of,37.7806599,-122.2900159,23021,208522659.5,9057.9323,Nov,14,20%,-2.095193824,-1.37041184Hollister  City of,37.7806599,-122.2900159,19856,284646533.3,14335.54257,May,15,20%,-2.095193824,-1.37041184Hollister  City of,37.7806599,-122.2900159,23021,274218115.5,11911.6509,Apr,15,20%,-2.095193824,-1.37041184Hollister  City of,37.7806599,-122.2900159,20482,336225913.4,16415.67784,Jul,15,20%,-2.095193824,-1.37041184Hollister  City of,37.7806599,-122.2900159,23021,218185818.3,9477.686388,Jan,15,20%,-2.095193824,-1.37041184Hollister  City of,37.7806599,-122.2900159,23021,166032660.5,7212.226252,Dec,14,20%,-2.095193824,-1.37041184Hollister  City of,37.7806599,-122.2900159,23021,328232394,14257.95552,Oct,14,20%,-2.095193824,-1.37041184Hollister  City of,37.7806599,-122.2900159,23021,453269975.6,19689.41295,Jul,14,20%,-2.095193824,-1.37041184Hollister  City of,37.7806599,-122.2900159,23021,286623669.4,12450.53079,Mar,15,20%,-2.095193824,-1.37041184Hollister  City of,37.7806599,-122.2900159,23021,199011628.8,8644.786447,Feb,15,20%,-2.095193824,-1.37041184Humboldt Bay Municipal Water District,36.778261,-119.4179324,602,49513195.95,82247.8338,Oct,14,4%,-2.515306782,-2.230197237Humboldt Bay Municipal Water District,36.778261,-119.4179324,602,91417712.7,151856.6656,Nov,14,4%,-2.515306782,-2.230197237Humboldt Bay Municipal Water District,36.778261,-119.4179324,602,67758884.36,112556.2863,Jan,15,4%,-2.515306782,-2.230197237Humboldt Bay Municipal Water District,36.778261,-119.4179324,422,78850143.09,186848.6803,Sep,14,4%,-2.515306782,-2.230197237Humboldt Bay Municipal Water District,36.778261,-119.4179324,602,45159971.53,75016.56401,Dec,14,4%,-2.515306782,-2.230197237Humboldt Bay Municipal Water District,36.778261,-119.4179324,602,58408915.4,97024.77642,Mar,15,4%,-2.515306782,-2.230197237Humboldt Bay Municipal Water District,36.778261,-119.4179324,602,71203609.77,118278.4215,Feb,15,4%,-2.515306782,-2.230197237Humboldt Bay Municipal Water District,36.778261,-119.4179324,602,58825310.78,97716.46309,Apr,15,4%,-2.515306782,-2.230197237Humboldt Bay Municipal Water District,36.778261,-119.4179324,602,67191072.48,111613.0772,Jun,15,4%,-2.515306782,-2.230197237Humboldt Bay Municipal Water District,36.778261,-119.4179324,602,48945384.07,81304.6247,May,15,4%,-2.515306782,-2.230197237Humboldt Bay Municipal Water District,36.778261,-119.4179324,602,73209878.41,121611.0937,Jul,15,4%,-2.515306782,-2.230197237Humboldt Bay Municipal Water District,36.778261,-119.4179324,422,32781672.55,77681.6885,Jul,14,4%,-2.515306782,-2.230197237Humboldt Bay Municipal Water District,36.778261,-119.4179324,422,66244719.35,156978.0079,Jun,14,4%,-2.515306782,-2.230197237Humboldt Bay Municipal Water District,36.778261,-119.4179324,602,60453038.17,100420.3292,Aug,15,4%,-2.515306782,-2.230197237Humboldt Bay Municipal Water District,36.778261,-119.4179324,422,60415184.05,143163.9432,Aug,14,4%,-2.515306782,-2.230197237Humboldt Community Service District,36.778261,-119.4179324,20032,206301197.7,10298.58215,Apr,15,24%,-2.515306782,-2.230197237Humboldt Community Service District,36.778261,-119.4179324,20032,226079978.2,11285.9414,May,15,24%,-2.515306782,-2.230197237Humboldt Community Service District,36.778261,-119.4179324,20032,208193904,10393.06629,Jan,15,24%,-2.515306782,-2.230197237Humboldt Community Service District,36.778261,-119.4179324,20032,250953924,12527.65195,Jun,15,24%,-2.515306782,-2.230197237Humboldt Community Service District,36.778261,-119.4179324,20032,209041836.4,10435.39519,Mar,15,24%,-2.515306782,-2.230197237Humboldt Community Service District,36.778261,-119.4179324,20032,217460593.9,10855.66064,Feb,15,24%,-2.515306782,-2.230197237Humboldt Community Service District,36.778261,-119.4179324,20032,224876217,11225.84949,Oct,14,24%,-2.515306782,-2.230197237Humboldt Community Service District,36.778261,-119.4179324,20032,276588737.6,13807.34513,Aug,15,24%,-2.515306782,-2.230197237Humboldt Community Service District,36.778261,-119.4179324,20032,265361204.1,13246.86522,Jul,15,24%,-2.515306782,-2.230197237Humboldt Community Service District,36.778261,-119.4179324,20032,273927592.6,13674.50043,Jun,14,24%,-2.515306782,-2.230197237Humboldt Community Service District,36.778261,-119.4179324,20032,282925518.2,14123.67803,Aug,14,24%,-2.515306782,-2.230197237Humboldt Community Service District,36.778261,-119.4179324,20032,215927501.8,10779.12848,Nov,14,24%,-2.515306782,-2.230197237Humboldt Community Service District,36.778261,-119.4179324,20032,297249519.3,14838.73399,Jul,14,24%,-2.515306782,-2.230197237Humboldt Community Service District,36.778261,-119.4179324,20032,208576230.6,10412.15209,Dec,14,24%,-2.515306782,-2.230197237Humboldt Community Service District,36.778261,-119.4179324,20032,242436745.8,12102.47333,Sep,14,24%,-2.515306782,-2.230197237Huntington Beach  City of,33.6264925,-117.9479769,196041,2888687889,14735.12117,Aug,15,20%,-2.549914043,-1.899915079Huntington Beach  City of,33.6264925,-117.9479769,196041,2728335429,13917.16747,Mar,15,20%,-2.549914043,-1.899915079Huntington Beach  City of,33.6264925,-117.9479769,196041,2657780347,13557.26785,Nov,14,20%,-2.549914043,-1.899915079Huntington Beach  City of,33.6264925,-117.9479769,196041,2786432358,14213.51839,Apr,15,20%,-2.549914043,-1.899915079Huntington Beach  City of,33.6264925,-117.9479769,196041,2147242784,10953.02913,Dec,14,20%,-2.549914043,-1.899915079Huntington Beach  City of,33.6264925,-117.9479769,196041,2722661419,13888.2245,Jun,15,20%,-2.549914043,-1.899915079Huntington Beach  City of,33.6264925,-117.9479769,196041,2338555604,11928.91081,Jan,15,20%,-2.549914043,-1.899915079Huntington Beach  City of,33.6264925,-117.9479769,196041,2280088630,11630.67231,Feb,15,20%,-2.549914043,-1.899915079Huntington Beach  City of,33.6264925,-117.9479769,196041,3596335628,18344.81373,Aug,14,20%,-2.549914043,-1.899915079Huntington Beach  City of,33.6264925,-117.9479769,196041,2746467592,14009.65916,Jul,15,20%,-2.549914043,-1.899915079Huntington Beach  City of,33.6264925,-117.9479769,196041,2690590927,13724.63376,May,15,20%,-2.549914043,-1.899915079Huntington Beach  City of,33.6264925,-117.9479769,196041,3352599889,17101.52412,Sep,14,20%,-2.549914043,-1.899915079Huntington Beach  City of,33.6264925,-117.9479769,196041,3766555932,19213.10303,Jul,14,20%,-2.549914043,-1.899915079Huntington Beach  City of,33.6264925,-117.9479769,196041,3133657108,15984.70273,Oct,14,20%,-2.549914043,-1.899915079Huntington Beach  City of,33.6264925,-117.9479769,196041,3667507451,18707.85933,Jun,14,20%,-2.549914043,-1.899915079Huntington Park  City of,37.792033,-122.4122163,64219,471189535.6,7337.229412,Aug,15,8%,-1.972178653,-1.299284592Huntington Park  City of,37.792033,-122.4122163,64219,439119043.7,6837.836834,Apr,15,8%,-1.972178653,-1.299284592Huntington Park  City of,37.792033,-122.4122163,64219,450220367.8,7010.703496,Jul,15,8%,-1.972178653,-1.299284592Huntington Park  City of,37.792033,-122.4122163,64219,440352524.1,6857.044241,May,15,8%,-1.972178653,-1.299284592Huntington Park  City of,37.792033,-122.4122163,64219,398414188.5,6203.992409,Feb,15,8%,-1.972178653,-1.299284592Huntington Park  City of,37.792033,-122.4122163,64219,457621250.5,7125.947937,Mar,15,8%,-1.972178653,-1.299284592Huntington Park  City of,37.792033,-122.4122163,64219,442819485,6895.459055,Jun,15,8%,-1.972178653,-1.299284592Huntington Park  City of,37.792033,-122.4122163,64219,551365765.5,8585.710856,Aug,14,8%,-1.972178653,-1.299284592Huntington Park  City of,37.792033,-122.4122163,64219,419383356.3,6530.518325,Dec,14,8%,-1.972178653,-1.299284592Huntington Park  City of,37.792033,-122.4122163,64219,439119043.7,6837.836834,Nov,14,8%,-1.972178653,-1.299284592Huntington Park  City of,37.792033,-122.4122163,64219,494625664.3,7702.170142,Sep,14,8%,-1.972178653,-1.299284592Huntington Park  City of,37.792033,-122.4122163,64219,425550758.6,6626.555359,Jan,15,8%,-1.972178653,-1.299284592Huntington Park  City of,37.792033,-122.4122163,64219,547665324.1,8528.088636,Jul,14,8%,-1.972178653,-1.299284592Huntington Park  City of,37.792033,-122.4122163,64219,476123457.4,7414.059039,Oct,14,8%,-1.972178653,-1.299284592Huntington Park  City of,37.792033,-122.4122163,64219,519295273.5,8086.318279,Jun,14,8%,-1.972178653,-1.299284592"Imperial, City of",37.7999474,-122.4268221,17354,307621549.6,17726.26193,Sep,14,24%,-1.962934437,-1.297673777"Imperial, City of",37.7999474,-122.4268221,17354,368002664.9,21205.63933,Jun,14,24%,-1.962934437,-1.297673777"Imperial, City of",37.7999474,-122.4268221,18022,288414366.4,16003.46057,May,15,24%,-1.962934437,-1.297673777"Imperial, City of",37.7999474,-122.4268221,18022,199703223.7,11081.07999,Feb,15,24%,-1.962934437,-1.297673777"Imperial, City of",37.7999474,-122.4268221,18022,196141150.5,10883.42861,Jan,15,24%,-1.962934437,-1.297673777"Imperial, City of",37.7999474,-122.4268221,18022,296598428.3,16457.57565,Jun,15,24%,-1.962934437,-1.297673777"Imperial, City of",37.7999474,-122.4268221,18022,298218584.9,16547.47447,Jul,15,24%,-1.962934437,-1.297673777"Imperial, City of",37.7999474,-122.4268221,17354,397888496.9,22927.76863,Jul,14,24%,-1.962934437,-1.297673777"Imperial, City of",37.7999474,-122.4268221,17354,247490271.5,14261.28106,Nov,14,24%,-1.962934437,-1.297673777"Imperial, City of",37.7999474,-122.4268221,18022,322607997.8,17900.7878,Aug,15,24%,-1.962934437,-1.297673777"Imperial, City of",37.7999474,-122.4268221,18022,241759156.9,13414.66857,Mar,15,24%,-1.962934437,-1.297673777"Imperial, City of",37.7999474,-122.4268221,17354,333631119.1,19225.02703,Aug,14,24%,-1.962934437,-1.297673777"Imperial, City of",37.7999474,-122.4268221,17354,284538104,16396.11064,Oct,14,24%,-1.962934437,-1.297673777"Imperial, City of",37.7999474,-122.4268221,18022,276672016.7,15351.90416,Apr,15,24%,-1.962934437,-1.297673777"Imperial, City of",37.7999474,-122.4268221,17354,192703995.9,11104.29848,Dec,14,24%,-1.962934437,-1.297673777Indian Wells Valley Water District,36.778261,-119.4179324,31120,730724679.4,23480.87016,May,15,36%,-2.515306782,-2.230197237Indian Wells Valley Water District,36.778261,-119.4179324,31120,883333585.7,28384.75532,Aug,15,36%,-2.515306782,-2.230197237Indian Wells Valley Water District,36.778261,-119.4179324,31120,380051633,12212.45607,Feb,15,36%,-2.515306782,-2.230197237Indian Wells Valley Water District,36.778261,-119.4179324,31120,616698431.3,19816.78764,Apr,15,36%,-2.515306782,-2.230197237Indian Wells Valley Water District,36.778261,-119.4179324,31120,641934043,20627.70061,Jun,15,36%,-2.515306782,-2.230197237Indian Wells Valley Water District,36.778261,-119.4179324,31120,524824735.4,16864.54805,Nov,14,36%,-2.515306782,-2.230197237Indian Wells Valley Water District,36.778261,-119.4179324,31120,1151484639,37001.43441,Jul,14,36%,-2.515306782,-2.230197237Indian Wells Valley Water District,36.778261,-119.4179324,31120,388708871.5,12490.64497,Jan,15,36%,-2.515306782,-2.230197237Indian Wells Valley Water District,36.778261,-119.4179324,31120,858558060.7,27588.62663,Jul,15,36%,-2.515306782,-2.230197237Indian Wells Valley Water District,36.778261,-119.4179324,31120,1033955150,33224.7799,Jun,14,36%,-2.515306782,-2.230197237Indian Wells Valley Water District,36.778261,-119.4179324,31120,1015077298,32618.16511,Sep,14,36%,-2.515306782,-2.230197237Indian Wells Valley Water District,36.778261,-119.4179324,31120,418571991,13450.25678,Mar,15,36%,-2.515306782,-2.230197237Indian Wells Valley Water District,36.778261,-119.4179324,31120,1014392138,32596.14841,Aug,14,36%,-2.515306782,-2.230197237Indian Wells Valley Water District,36.778261,-119.4179324,31120,800334630.5,25717.69378,Oct,14,36%,-2.515306782,-2.230197237Indian Wells Valley Water District,36.778261,-119.4179324,31120,464655603.2,14931.09265,Dec,14,36%,-2.515306782,-2.230197237Indio  City of,33.7342277,-116.3174647,88411,2148600154,24302.40756,May,15,32%,-2.157750553,-0.823025687Indio  City of,33.7342277,-116.3174647,86494,2670608543,30876.22891,Aug,14,32%,-2.157750553,-0.823025687Indio  City of,33.7342277,-116.3174647,88411,2073648986,23454.64915,Apr,15,32%,-2.157750553,-0.823025687Indio  City of,33.7342277,-116.3174647,88411,2300773738,26023.61401,Jul,15,32%,-2.157750553,-0.823025687Indio  City of,33.7342277,-116.3174647,88411,2067970867,23390.42503,Jun,15,32%,-2.157750553,-0.823025687Indio  City of,33.7342277,-116.3174647,86494,2742531381,31707.76448,Jun,14,32%,-2.157750553,-0.823025687Indio  City of,33.7342277,-116.3174647,86494,2124752055,24565.31153,Oct,14,32%,-2.157750553,-0.823025687Indio  City of,33.7342277,-116.3174647,86494,2887134140,33379.58864,Jul,14,32%,-2.157750553,-0.823025687Indio  City of,33.7342277,-116.3174647,86494,2248535045,25996.42802,Sep,14,32%,-2.157750553,-0.823025687Indio  City of,33.7342277,-116.3174647,88411,1808670109,20457.52349,Mar,15,32%,-2.157750553,-0.823025687Indio  City of,33.7342277,-116.3174647,88411,1478203595,16719.67962,Feb,15,32%,-2.157750553,-0.823025687Indio  City of,33.7342277,-116.3174647,88411,2227715276,25197.26365,Aug,15,32%,-2.157750553,-0.823025687Indio  City of,33.7342277,-116.3174647,86494,1992641158,23037.91197,Nov,14,32%,-2.157750553,-0.823025687Indio  City of,33.7342277,-116.3174647,88411,1456248202,16471.34635,Jan,15,32%,-2.157750553,-0.823025687Indio  City of,33.7342277,-116.3174647,86494,1349499568,15602.23332,Dec,14,32%,-2.157750553,-0.823025687Inglewood  City of,33.9121275,-118.3960602,86418,919171136.4,10636.33892,Jun,15,12%,-2.561180454,-1.818008756Inglewood  City of,33.9121275,-118.3960602,86418,971568152.8,11242.65955,Jul,15,12%,-2.561180454,-1.818008756Inglewood  City of,33.9121275,-118.3960602,86418,892726548.8,10330.33105,May,15,12%,-2.561180454,-1.818008756Inglewood  City of,33.9121275,-118.3960602,86418,902458709.6,10442.94834,Apr,15,12%,-2.561180454,-1.818008756Inglewood  City of,33.9121275,-118.3960602,86418,984379080.9,11390.90329,Aug,15,12%,-2.561180454,-1.818008756Inglewood  City of,33.9121275,-118.3960602,92386,848794908.7,9187.484129,Dec,14,12%,-2.561180454,-1.818008756Inglewood  City of,33.9121275,-118.3960602,86418,968132909.7,11202.90807,Mar,15,12%,-2.561180454,-1.818008756Inglewood  City of,33.9121275,-118.3960602,92386,853908918.7,9242.838944,Feb,15,12%,-2.561180454,-1.818008756Inglewood  City of,33.9121275,-118.3960602,92386,831457107.4,8999.817152,Jan,15,12%,-2.561180454,-1.818008756Inglewood  City of,33.9121275,-118.3960602,111200,1074255401,9660.570154,Aug,14,12%,-2.561180454,-1.818008756Inglewood  City of,33.9121275,-118.3960602,92386,945994402.4,10239.58611,Nov,14,12%,-2.561180454,-1.818008756Inglewood  City of,33.9121275,-118.3960602,92386,1048821034,11352.59708,Oct,14,12%,-2.561180454,-1.818008756Inglewood  City of,33.9121275,-118.3960602,92386,1049179977,11356.48233,Sep,14,12%,-2.561180454,-1.818008756Inglewood  City of,33.9121275,-118.3960602,115904,927123237.9,7999.061619,Jul,14,12%,-2.561180454,-1.818008756Inglewood  City of,33.9121275,-118.3960602,111200,1069274607,9615.77884,Jun,14,12%,-2.561180454,-1.818008756Irvine Ranch Water District,33.6678819,-117.7664369,380104,7515719789,19772.79847,Sep,14,16%,-2.569910931,-1.788060567Irvine Ranch Water District,33.6678819,-117.7664369,365858,7141975210,19521.16726,Jun,14,16%,-2.569910931,-1.788060567Irvine Ranch Water District,33.6678819,-117.7664369,378750,7121129390,18801.66176,Aug,14,16%,-2.569910931,-1.788060567Irvine Ranch Water District,33.6678819,-117.7664369,368975,7589481920,20569.09525,Jul,14,16%,-2.569910931,-1.788060567Irvine Ranch Water District,33.6678819,-117.7664369,381880,5528089376,14475.98559,Nov,14,16%,-2.569910931,-1.788060567Irvine Ranch Water District,33.6678819,-117.7664369,383305,4841410804,12630.70089,Jan,15,16%,-2.569910931,-1.788060567Irvine Ranch Water District,33.6678819,-117.7664369,386669,5354785372,13848.49929,May,15,16%,-2.569910931,-1.788060567Irvine Ranch Water District,33.6678819,-117.7664369,381003,6858521400,18001.22676,Oct,14,16%,-2.569910931,-1.788060567Irvine Ranch Water District,33.6678819,-117.7664369,382411,5198010005,13592.73139,Dec,14,16%,-2.569910931,-1.788060567Irvine Ranch Water District,33.6678819,-117.7664369,385056,5972142342,15509.80206,Mar,15,16%,-2.569910931,-1.788060567Irvine Ranch Water District,33.6678819,-117.7664369,384154,5044565036,13131.62179,Feb,15,16%,-2.569910931,-1.788060567Irvine Ranch Water District,33.6678819,-117.7664369,385742,5900970519,15297.71329,Apr,15,16%,-2.569910931,-1.788060567Irvine Ranch Water District,33.6678819,-117.7664369,386026,6066133553,15714.31342,Aug,15,16%,-2.569910931,-1.788060567Irvine Ranch Water District,33.6678819,-117.7664369,387501,5835102663,15058.29059,Jul,15,16%,-2.569910931,-1.788060567Irvine Ranch Water District,33.6678819,-117.7664369,387138,6586033232,17012.10739,Jun,15,16%,-2.569910931,-1.788060567Joshua Basin Water District,36.778261,-119.4179324,9514,229755471.3,24149.19816,Jul,14,28%,-2.515306782,-2.230197237Joshua Basin Water District,36.778261,-119.4179324,9514,157102238.7,16512.74319,Jul,15,28%,-2.515306782,-2.230197237Joshua Basin Water District,36.778261,-119.4179324,9514,115678264.5,12158.74127,Jan,15,28%,-2.515306782,-2.230197237Joshua Basin Water District,36.778261,-119.4179324,9514,220488332.6,23175.14532,Jun,14,28%,-2.515306782,-2.230197237Joshua Basin Water District,36.778261,-119.4179324,9514,103360728.6,10864.06649,Feb,15,28%,-2.515306782,-2.230197237Joshua Basin Water District,36.778261,-119.4179324,9514,194967621.9,20492.70779,Aug,14,28%,-2.515306782,-2.230197237Joshua Basin Water District,36.778261,-119.4179324,9514,170042682.3,17872.89071,Jun,15,28%,-2.515306782,-2.230197237Joshua Basin Water District,36.778261,-119.4179324,9514,163892548.7,17226.46087,May,15,28%,-2.515306782,-2.230197237Joshua Basin Water District,36.778261,-119.4179324,9514,156333780.4,16431.97188,Aug,15,28%,-2.515306782,-2.230197237Joshua Basin Water District,36.778261,-119.4179324,9514,139030516.5,14613.25589,Mar,15,28%,-2.515306782,-2.230197237Joshua Basin Water District,36.778261,-119.4179324,9514,190989647.4,20074.58981,Sep,14,28%,-2.515306782,-2.230197237Joshua Basin Water District,36.778261,-119.4179324,9514,122735006.2,12900.46313,Dec,14,28%,-2.515306782,-2.230197237Joshua Basin Water District,36.778261,-119.4179324,9514,141350693.3,14857.12563,Apr,15,28%,-2.515306782,-2.230197237Joshua Basin Water District,36.778261,-119.4179324,9514,157397040.6,16543.7293,Oct,14,28%,-2.515306782,-2.230197237Joshua Basin Water District,36.778261,-119.4179324,9514,112884431.2,11865.08632,Nov,14,28%,-2.515306782,-2.230197237Jurupa Community Service District,36.778261,-119.4179324,118731,2904469038,24462.60065,Aug,15,28%,-2.515306782,-2.230197237Jurupa Community Service District,36.778261,-119.4179324,118731,3557604342,29963.56758,Jun,14,28%,-2.515306782,-2.230197237Jurupa Community Service District,36.778261,-119.4179324,118731,3724243852,31367.07222,Jul,14,28%,-2.515306782,-2.230197237Jurupa Community Service District,36.778261,-119.4179324,118731,2163239792,18219.67129,May,15,28%,-2.515306782,-2.230197237Jurupa Community Service District,36.778261,-119.4179324,118731,2586992136,21788.68313,Jul,15,28%,-2.515306782,-2.230197237Jurupa Community Service District,36.778261,-119.4179324,118731,3091548552,26038.25919,Sep,14,28%,-2.515306782,-2.230197237Jurupa Community Service District,36.778261,-119.4179324,118731,2705170666,22784.03,Jun,15,28%,-2.515306782,-2.230197237Jurupa Community Service District,36.778261,-119.4179324,118731,2140897761,18031.49776,Nov,14,28%,-2.515306782,-2.230197237Jurupa Community Service District,36.778261,-119.4179324,118731,1622980285,13669.3895,Feb,15,28%,-2.515306782,-2.230197237Jurupa Community Service District,36.778261,-119.4179324,118731,2169208604,18269.94302,Mar,15,28%,-2.515306782,-2.230197237Jurupa Community Service District,36.778261,-119.4179324,118731,3366910730,28357.46966,Aug,14,28%,-2.515306782,-2.230197237Jurupa Community Service District,36.778261,-119.4179324,118731,1249476234,10523.58891,Dec,14,28%,-2.515306782,-2.230197237Jurupa Community Service District,36.778261,-119.4179324,118731,2763351472,23274.05203,Oct,14,28%,-2.515306782,-2.230197237Jurupa Community Service District,36.778261,-119.4179324,118731,1603116316,13502.0872,Jan,15,28%,-2.515306782,-2.230197237Jurupa Community Service District,36.778261,-119.4179324,118731,2392562312,20151.11733,Apr,15,28%,-2.515306782,-2.230197237"Kerman, City of",36.7199008,-120.0965719,14339,403119937,28113.53212,Aug,15,32%,-2.707599779,-2.453033937"Kerman, City of",36.7199008,-120.0965719,14339,310271338.4,21638.28289,Apr,15,32%,-2.707599779,-2.453033937"Kerman, City of",36.7199008,-120.0965719,14339,393743470.2,27459.61853,Jul,15,32%,-2.707599779,-2.453033937"Kerman, City of",36.7199008,-120.0965719,14339,386509546.8,26955.12566,Jun,15,32%,-2.707599779,-2.453033937"Kerman, City of",36.7199008,-120.0965719,13551,216877640.3,16004.54877,Dec,14,32%,-2.707599779,-2.453033937"Kerman, City of",36.7199008,-120.0965719,14339,158203746,11033.10873,Feb,15,32%,-2.707599779,-2.453033937"Kerman, City of",36.7199008,-120.0965719,14339,267655164.1,18666.23642,Jan,15,32%,-2.707599779,-2.453033937"Kerman, City of",36.7199008,-120.0965719,14339,348557000.7,24308.32002,May,15,32%,-2.707599779,-2.453033937"Kerman, City of",36.7199008,-120.0965719,14339,399493511.8,27860.62569,Sep,14,32%,-2.707599779,-2.453033937"Kerman, City of",36.7199008,-120.0965719,14339,452523356,31558.92015,Aug,14,32%,-2.707599779,-2.453033937"Kerman, City of",36.7199008,-120.0965719,14339,522784398,36458.91611,Jul,14,32%,-2.707599779,-2.453033937"Kerman, City of",36.7199008,-120.0965719,13551,512692488.2,37834.2918,Jun,14,32%,-2.707599779,-2.453033937"Kerman, City of",36.7199008,-120.0965719,14339,343598110.3,23962.48764,Oct,14,32%,-2.707599779,-2.453033937"Kerman, City of",36.7199008,-120.0965719,14339,216877640.3,15125.0185,Nov,14,32%,-2.707599779,-2.453033937"Kingsburg, City of",36.5140245,-119.5539,11504,231288705.8,20105.06831,Nov,14,36%,-2.600438042,-2.375001111"Kingsburg, City of",36.5140245,-119.5539,11504,515951728.4,44849.76777,Jun,14,36%,-2.600438042,-2.375001111"Kingsburg, City of",36.5140245,-119.5539,11685,395159214.5,33817.64779,Jul,15,36%,-2.600438042,-2.375001111"Kingsburg, City of",36.5140245,-119.5539,11685,385956876.6,33030.11353,Jun,15,36%,-2.600438042,-2.375001111"Kingsburg, City of",36.5140245,-119.5539,11685,328581378.8,28119.92972,May,15,36%,-2.600438042,-2.375001111"Kingsburg, City of",36.5140245,-119.5539,11685,298248868.2,25524.07943,Apr,15,36%,-2.600438042,-2.375001111"Kingsburg, City of",36.5140245,-119.5539,11504,254001181,22079.37944,Mar,15,36%,-2.600438042,-2.375001111"Kingsburg, City of",36.5140245,-119.5539,11685,151037960.1,12925.7989,Feb,15,36%,-2.600438042,-2.375001111"Kingsburg, City of",36.5140245,-119.5539,11504,171479187.8,14906.04901,Jan,15,36%,-2.600438042,-2.375001111"Kingsburg, City of",36.5140245,-119.5539,11504,170343564,14807.33345,Dec,14,36%,-2.600438042,-2.375001111"Kingsburg, City of",36.5140245,-119.5539,11504,405039141.2,35208.54843,Oct,14,36%,-2.600438042,-2.375001111"Kingsburg, City of",36.5140245,-119.5539,11504,447057220.3,38861.02402,Sep,14,36%,-2.600438042,-2.375001111"Kingsburg, City of",36.5140245,-119.5539,11504,497603833.9,43254.85343,Aug,14,36%,-2.600438042,-2.375001111"Kingsburg, City of",36.5140245,-119.5539,11504,536165831.4,46606.90467,Jul,14,36%,-2.600438042,-2.375001111"Kingsburg, City of",36.5140245,-119.5539,11685,362869645.5,31054.31284,Aug,15,36%,-2.600438042,-2.375001111La Habra  City of Public Works,36.778261,-119.4179324,63118,848979930.8,13450.67858,Apr,15,28%,-2.515306782,-2.230197237La Habra  City of Public Works,36.778261,-119.4179324,63118,1365462869,21633.49391,Jul,14,28%,-2.515306782,-2.230197237La Habra  City of Public Works,36.778261,-119.4179324,63118,822324418.1,13028.3662,Feb,15,28%,-2.515306782,-2.230197237La Habra  City of Public Works,36.778261,-119.4179324,63118,796618685.3,12621.10151,May,15,28%,-2.515306782,-2.230197237La Habra  City of Public Works,36.778261,-119.4179324,63118,914083029.5,14482.12918,Jun,15,28%,-2.515306782,-2.230197237La Habra  City of Public Works,36.778261,-119.4179324,63118,858157025.4,13596.07442,Nov,14,28%,-2.515306782,-2.230197237La Habra  City of Public Works,36.778261,-119.4179324,63118,1092851352,17314.41669,Oct,14,28%,-2.515306782,-2.230197237La Habra  City of Public Works,36.778261,-119.4179324,63118,749314709.7,11871.64849,Jan,15,28%,-2.515306782,-2.230197237La Habra  City of Public Works,36.778261,-119.4179324,63118,810495340.5,12840.95409,Dec,14,28%,-2.515306782,-2.230197237La Habra  City of Public Works,36.778261,-119.4179324,63118,1354435554,21458.7844,Jun,14,28%,-2.515306782,-2.230197237La Habra  City of Public Works,36.778261,-119.4179324,63118,926837217.4,14684.19813,Aug,15,28%,-2.515306782,-2.230197237La Habra  City of Public Works,36.778261,-119.4179324,63118,1303480476,20651.48572,Sep,14,28%,-2.515306782,-2.230197237La Habra  City of Public Works,36.778261,-119.4179324,63118,1239610858,19639.57758,Aug,14,28%,-2.515306782,-2.230197237La Habra  City of Public Works,36.778261,-119.4179324,63118,870208129.5,13787.00417,Jul,15,28%,-2.515306782,-2.230197237La Habra  City of Public Works,36.778261,-119.4179324,63118,989251328.7,15673.04618,Mar,15,28%,-2.515306782,-2.230197237La Palma  City of,33.0322815,-117.1858703,15896,168197395.5,10581.11446,Jan,15,20%,-2.362673025,-1.68506762La Palma  City of,33.0322815,-117.1858703,15896,215550710.3,13560.05978,Oct,14,20%,-2.362673025,-1.68506762La Palma  City of,33.0322815,-117.1858703,15896,157589463.5,9913.781048,Feb,15,20%,-2.362673025,-1.68506762La Palma  City of,33.0322815,-117.1858703,15896,193964802.3,12202.11388,Jul,15,20%,-2.362673025,-1.68506762La Palma  City of,33.0322815,-117.1858703,15896,195926036.2,12325.49297,Jun,15,20%,-2.362673025,-1.68506762La Palma  City of,33.0322815,-117.1858703,15896,224715470.1,14136.60482,Sep,14,20%,-2.362673025,-1.68506762La Palma  City of,33.0322815,-117.1858703,15896,203018548.9,12771.67519,Aug,15,20%,-2.362673025,-1.68506762La Palma  City of,33.0322815,-117.1858703,15896,194470529.3,12233.92862,Mar,15,20%,-2.362673025,-1.68506762La Palma  City of,33.0322815,-117.1858703,15896,264260853.7,16624.36171,Jul,14,20%,-2.362673025,-1.68506762La Palma  City of,33.0322815,-117.1858703,15896,254257327.2,15995.05078,Jun,14,20%,-2.362673025,-1.68506762La Palma  City of,33.0322815,-117.1858703,15896,155171841.8,9761.691107,Dec,14,20%,-2.362673025,-1.68506762La Palma  City of,33.0322815,-117.1858703,15896,248953361.2,15661.38407,Aug,14,20%,-2.362673025,-1.68506762La Palma  City of,33.0322815,-117.1858703,15896,194334846.4,12225.39296,Apr,15,20%,-2.362673025,-1.68506762La Palma  City of,33.0322815,-117.1858703,15896,179631759.3,11300.4378,May,15,20%,-2.362673025,-1.68506762La Palma  City of,33.0322815,-117.1858703,15896,193890793.5,12197.45807,Nov,14,20%,-2.362673025,-1.68506762La Verne  City of,34.0323448,-118.1588802,32228,536058273,16633.30871,Feb,15,32%,-2.423394292,-1.929483257La Verne  City of,34.0323448,-118.1588802,32228,709053907.5,22001.17623,Mar,15,32%,-2.423394292,-1.929483257La Verne  City of,34.0323448,-118.1588802,32228,644148165.7,19987.22123,Nov,14,32%,-2.423394292,-1.929483257La Verne  City of,34.0323448,-118.1588802,32228,737744662.9,22891.41935,Apr,15,32%,-2.423394292,-1.929483257La Verne  City of,34.0323448,-118.1588802,32228,786220445,24395.57047,Jun,15,32%,-2.423394292,-1.929483257La Verne  City of,34.0323448,-118.1588802,32228,1047841651,32513.39365,Aug,14,32%,-2.423394292,-1.929483257La Verne  City of,34.0323448,-118.1588802,32228,925480388.9,28716.65598,Oct,14,32%,-2.423394292,-1.929483257La Verne  City of,34.0323448,-118.1588802,32228,1001787191,31084.37354,Sep,14,32%,-2.423394292,-1.929483257La Verne  City of,34.0323448,-118.1588802,32228,419593048,13019.51868,Dec,14,32%,-2.423394292,-1.929483257La Verne  City of,34.0323448,-118.1588802,32228,1139267222,35350.2303,Jun,14,32%,-2.423394292,-1.929483257La Verne  City of,34.0323448,-118.1588802,32228,1191505120,36971.11579,Jul,14,32%,-2.423394292,-1.929483257La Verne  City of,34.0323448,-118.1588802,32228,886958794.2,27521.37254,Aug,15,32%,-2.423394292,-1.929483257La Verne  City of,34.0323448,-118.1588802,32228,658308521.3,20426.60175,May,15,32%,-2.423394292,-1.929483257La Verne  City of,34.0323448,-118.1588802,32228,789162295.9,24486.85292,Jul,15,32%,-2.423394292,-1.929483257La Verne  City of,34.0323448,-118.1588802,32228,497277647.3,15429.98782,Jan,15,32%,-2.423394292,-1.929483257Laguna Beach County Water District,36.778261,-119.4179324,19121,321457342.6,16811.74325,May,15,24%,-2.515306782,-2.230197237Laguna Beach County Water District,36.778261,-119.4179324,19121,347964837.7,18198.04601,Aug,15,24%,-2.515306782,-2.230197237Laguna Beach County Water District,36.778261,-119.4179324,19121,314685534.9,16457.58772,Jul,15,24%,-2.515306782,-2.230197237Laguna Beach County Water District,36.778261,-119.4179324,19121,278840592.7,14582.9503,Feb,15,24%,-2.515306782,-2.230197237Laguna Beach County Water District,36.778261,-119.4179324,19121,333755142.8,17454.89999,Apr,15,24%,-2.515306782,-2.230197237Laguna Beach County Water District,36.778261,-119.4179324,19121,344104043.8,17996.1322,Mar,15,24%,-2.515306782,-2.230197237Laguna Beach County Water District,36.778261,-119.4179324,19121,325947211.5,17046.55674,Jun,15,24%,-2.515306782,-2.230197237Laguna Beach County Water District,36.778261,-119.4179324,19121,379899646.8,19868.18926,Oct,14,24%,-2.515306782,-2.230197237Laguna Beach County Water District,36.778261,-119.4179324,19120,413474984.9,21625.26072,Sep,14,24%,-2.515306782,-2.230197237Laguna Beach County Water District,36.778261,-119.4179324,19121,327131352.7,17108.48558,Nov,14,24%,-2.515306782,-2.230197237Laguna Beach County Water District,36.778261,-119.4179324,19121,420370140.7,21984.73619,Jun,14,24%,-2.515306782,-2.230197237Laguna Beach County Water District,36.778261,-119.4179324,19121,256378913.5,13408.23773,Dec,14,24%,-2.515306782,-2.230197237Laguna Beach County Water District,36.778261,-119.4179324,20850,479453854.7,22995.38871,Aug,14,24%,-2.515306782,-2.230197237Laguna Beach County Water District,36.778261,-119.4179324,19121,445089089.1,23277.50061,Jul,14,24%,-2.515306782,-2.230197237Laguna Beach County Water District,36.778261,-119.4179324,19121,281554249.7,14724.87055,Jan,15,24%,-2.515306782,-2.230197237Lake Arrowhead Community Services District,36.778261,-119.4179324,28887,99714560.36,3451.883559,Jan,15,16%,-2.515306782,-2.230197237Lake Arrowhead Community Services District,36.778261,-119.4179324,32724,97370947.49,2975.520948,Dec,14,16%,-2.515306782,-2.230197237Lake Arrowhead Community Services District,36.778261,-119.4179324,22675,90229095.63,3979.232442,Apr,15,16%,-2.515306782,-2.230197237Lake Arrowhead Community Services District,36.778261,-119.4179324,26848,80410591.17,2995.030958,Feb,15,16%,-2.515306782,-2.230197237Lake Arrowhead Community Services District,36.778261,-119.4179324,21647,209555995.3,9680.602176,Sep,14,16%,-2.515306782,-2.230197237Lake Arrowhead Community Services District,36.778261,-119.4179324,20742,224616791.7,10829.08069,Aug,14,16%,-2.515306782,-2.230197237Lake Arrowhead Community Services District,36.778261,-119.4179324,19804,166100478.7,8387.218678,Oct,14,16%,-2.515306782,-2.230197237Lake Arrowhead Community Services District,36.778261,-119.4179324,22495,122225578.8,5433.455379,May,15,16%,-2.515306782,-2.230197237Lake Arrowhead Community Services District,36.778261,-119.4179324,22389,201785068.4,9012.687856,Aug,15,16%,-2.515306782,-2.230197237Lake Arrowhead Community Services District,36.778261,-119.4179324,19724,254948076.2,12925.77957,Jul,14,16%,-2.515306782,-2.230197237Lake Arrowhead Community Services District,36.778261,-119.4179324,23259,223185954.4,9595.68143,Jun,14,16%,-2.515306782,-2.230197237Lake Arrowhead Community Services District,36.778261,-119.4179324,19116,170775369.6,8933.635156,Jun,15,16%,-2.515306782,-2.230197237Lake Arrowhead Community Services District,36.778261,-119.4179324,21827,197208855.9,9035.087547,Jul,15,16%,-2.515306782,-2.230197237Lake Arrowhead Community Services District,36.778261,-119.4179324,28066,87170064.09,3105.895535,Mar,15,16%,-2.515306782,-2.230197237Lake Arrowhead Community Services District,36.778261,-119.4179324,23752,106165663.2,4469.756785,Nov,14,16%,-2.515306782,-2.230197237Lake Hemet Municipal Water District,33.7382481,-116.893843,52914,1345110441,25420.69096,Aug,14,28%,-2.065355033,-1.357594615Lake Hemet Municipal Water District,33.7382481,-116.893843,52914,720599284.6,13618.31055,May,15,28%,-2.065355033,-1.357594615Lake Hemet Municipal Water District,33.7382481,-116.893843,52914,1015031070,19182.6562,Aug,15,28%,-2.065355033,-1.357594615Lake Hemet Municipal Water District,33.7382481,-116.893843,52914,1170696304,22124.50966,Sep,14,28%,-2.065355033,-1.357594615Lake Hemet Municipal Water District,33.7382481,-116.893843,52914,944105943.9,17842.27131,Jun,15,28%,-2.065355033,-1.357594615Lake Hemet Municipal Water District,33.7382481,-116.893843,52914,1138872508,21523.08479,Oct,14,28%,-2.065355033,-1.357594615Lake Hemet Municipal Water District,33.7382481,-116.893843,52914,487224781.6,9207.861465,Dec,14,28%,-2.065355033,-1.357594615Lake Hemet Municipal Water District,33.7382481,-116.893843,52914,874660994,16529.85966,Jul,15,28%,-2.065355033,-1.357594615Lake Hemet Municipal Water District,33.7382481,-116.893843,52914,789304146.2,14916.73557,Jan,15,28%,-2.065355033,-1.357594615Lake Hemet Municipal Water District,33.7382481,-116.893843,52914,995048686.8,18805.01733,Nov,14,28%,-2.065355033,-1.357594615Lake Hemet Municipal Water District,33.7382481,-116.893843,52914,811260098.3,15331.67212,Apr,15,28%,-2.065355033,-1.357594615Lake Hemet Municipal Water District,33.7382481,-116.893843,52914,736683869.8,13922.28654,Mar,15,28%,-2.065355033,-1.357594615Lake Hemet Municipal Water District,33.7382481,-116.893843,52914,683101478.6,12909.65488,Feb,15,28%,-2.065355033,-1.357594615Lake Hemet Municipal Water District,33.7382481,-116.893843,52914,1148370308,21702.57981,Jun,14,28%,-2.065355033,-1.357594615Lake Hemet Municipal Water District,33.7382481,-116.893843,52914,1437621476,27169.01908,Jul,14,28%,-2.065355033,-1.357594615Lakeside Water District,38.2611957,-120.3176838,35500,363383343.4,10236.15052,Jul,15,20%,-2.369646108,-2.057638414Lakeside Water District,38.2611957,-120.3176838,35500,352886424.7,9940.462668,Mar,15,20%,-2.369646108,-2.057638414Lakeside Water District,38.2611957,-120.3176838,35500,416546351.2,11733.70003,Aug,15,20%,-2.369646108,-2.057638414Lakeside Water District,38.2611957,-120.3176838,35500,378185108.9,10653.10166,Jun,15,20%,-2.369646108,-2.057638414Lakeside Water District,38.2611957,-120.3176838,35500,374015945,10535.66042,Apr,15,20%,-2.369646108,-2.057638414Lakeside Water District,38.2611957,-120.3176838,35500,369304049.6,10402.93098,Nov,14,20%,-2.369646108,-2.057638414Lakeside Water District,38.2611957,-120.3176838,35500,461074995.8,12988.02805,Oct,14,20%,-2.369646108,-2.057638414Lakeside Water District,38.2611957,-120.3176838,33657,518123467.1,15394.22608,Jun,14,20%,-2.369646108,-2.057638414Lakeside Water District,38.2611957,-120.3176838,35500,276139270.5,7778.571,Jan,15,20%,-2.369646108,-2.057638414Lakeside Water District,38.2611957,-120.3176838,35500,257550720,7254.949859,Dec,14,20%,-2.369646108,-2.057638414Lakeside Water District,38.2611957,-120.3176838,35500,298415927.6,8406.082468,Feb,15,20%,-2.369646108,-2.057638414Lakeside Water District,38.2611957,-120.3176838,35500,488088217.9,13748.96388,Sep,14,20%,-2.369646108,-2.057638414Lakeside Water District,38.2611957,-120.3176838,35500,321839721.5,9065.907649,May,15,20%,-2.369646108,-2.057638414Lakeside Water District,38.2611957,-120.3176838,33657,527485583.8,15672.38862,Jul,14,20%,-2.369646108,-2.057638414Lakeside Water District,38.2611957,-120.3176838,35500,488088217.9,13748.96388,Aug,14,20%,-2.369646108,-2.057638414Lakewood  City of,33.789842,-118.1947262,59081,592095290.3,10021.75471,Feb,15,20%,-2.486778171,-1.813006201Lakewood  City of,33.789842,-118.1947262,59081,713815142,12081.97461,Apr,15,20%,-2.486778171,-1.813006201Lakewood  City of,33.789842,-118.1947262,59081,729097964.9,12340.65038,Mar,15,20%,-2.486778171,-1.813006201Lakewood  City of,33.789842,-118.1947262,59081,844465392.3,14293.34968,Sep,14,20%,-2.486778171,-1.813006201Lakewood  City of,33.789842,-118.1947262,59081,569275901.8,9635.515678,Dec,14,20%,-2.486778171,-1.813006201Lakewood  City of,33.789842,-118.1947262,59081,707277695.6,11971.32235,Nov,14,20%,-2.486778171,-1.813006201Lakewood  City of,33.789842,-118.1947262,59081,797543795.6,13499.15871,Oct,14,20%,-2.486778171,-1.813006201Lakewood  City of,33.789842,-118.1947262,59081,632257414,10701.53542,Jan,15,20%,-2.486778171,-1.813006201Lakewood  City of,33.789842,-118.1947262,59081,688676810.3,11656.48534,May,15,20%,-2.486778171,-1.813006201Lakewood  City of,33.789842,-118.1947262,59081,916833690.9,15518.24937,Aug,14,20%,-2.486778171,-1.813006201Lakewood  City of,33.789842,-118.1947262,59081,969392293.3,16407.85182,Jun,14,20%,-2.486778171,-1.813006201Lakewood  City of,33.789842,-118.1947262,59081,700098839.3,11849.81363,Jun,15,20%,-2.486778171,-1.813006201Lakewood  City of,33.789842,-118.1947262,59081,750067132.7,12695.57273,Aug,15,20%,-2.486778171,-1.813006201Lakewood  City of,33.789842,-118.1947262,59081,716528799,12127.90574,Jul,15,20%,-2.486778171,-1.813006201Lakewood  City of,33.789842,-118.1947262,59081,998773797.8,16905.16067,Jul,14,20%,-2.486778171,-1.813006201Lamont Public Utility District,36.778261,-119.4179324,20009,425063973.5,21243.63904,Aug,15,28%,-2.515306782,-2.230197237Lamont Public Utility District,36.778261,-119.4179324,20009,429621610.2,21471.41837,Jul,15,28%,-2.515306782,-2.230197237Lamont Public Utility District,36.778261,-119.4179324,20009,402502914.8,20116.0935,Jun,15,28%,-2.515306782,-2.230197237Lamont Public Utility District,36.778261,-119.4179324,20009,353557530.7,17669.92507,May,15,28%,-2.515306782,-2.230197237Lamont Public Utility District,36.778261,-119.4179324,20009,354587162.9,17721.38352,Apr,15,28%,-2.515306782,-2.230197237Lamont Public Utility District,36.778261,-119.4179324,20009,308128794.9,15399.50996,Mar,15,28%,-2.515306782,-2.230197237Lamont Public Utility District,36.778261,-119.4179324,19057,231826234.4,12164.8861,Feb,15,28%,-2.515306782,-2.230197237Lamont Public Utility District,36.778261,-119.4179324,19057,238655118.6,12523.22604,Jan,15,28%,-2.515306782,-2.230197237Lamont Public Utility District,36.778261,-119.4179324,19037,257173356.8,13509.13257,Dec,14,28%,-2.515306782,-2.230197237Lamont Public Utility District,36.778261,-119.4179324,19988,303052556.7,15161.72487,Nov,14,28%,-2.515306782,-2.230197237Lamont Public Utility District,36.778261,-119.4179324,19988,393857032.5,19704.67443,Oct,14,28%,-2.515306782,-2.230197237Lamont Public Utility District,36.778261,-119.4179324,19988,439054858.2,21965.92246,Sep,14,28%,-2.515306782,-2.230197237Lamont Public Utility District,36.778261,-119.4179324,19988,500071922.8,25018.60731,Aug,14,28%,-2.515306782,-2.230197237Lamont Public Utility District,36.778261,-119.4179324,19988,560755871.2,28054.62633,Jul,14,28%,-2.515306782,-2.230197237Lamont Public Utility District,36.778261,-119.4179324,19988,538645276.6,26948.43289,Jun,14,28%,-2.515306782,-2.230197237Las Virgenes Municipal Water District,36.778261,-119.4179324,75384,1239647862,16444.44261,Dec,14,36%,-2.515306782,-2.230197237Las Virgenes Municipal Water District,36.778261,-119.4179324,75384,1874890299,24871.19679,May,15,36%,-2.515306782,-2.230197237Las Virgenes Municipal Water District,36.778261,-119.4179324,75384,2135154676,28323.71161,Jul,15,36%,-2.515306782,-2.230197237Las Virgenes Municipal Water District,36.778261,-119.4179324,75384,1387665517,18407.95815,Jan,15,36%,-2.515306782,-2.230197237Las Virgenes Municipal Water District,36.778261,-119.4179324,75384,3215683558,42657.37502,Sep,14,36%,-2.515306782,-2.230197237Las Virgenes Municipal Water District,36.778261,-119.4179324,75384,2426256064,32185.29216,Aug,15,36%,-2.515306782,-2.230197237Las Virgenes Municipal Water District,36.778261,-119.4179324,75384,1842819807,24445.76842,Nov,14,36%,-2.515306782,-2.230197237Las Virgenes Municipal Water District,36.778261,-119.4179324,75384,1969868294,26131.11926,Jun,15,36%,-2.515306782,-2.230197237Las Virgenes Municipal Water District,36.778261,-119.4179324,75384,1561586262,20715.0889,Feb,15,36%,-2.515306782,-2.230197237Las Virgenes Municipal Water District,36.778261,-119.4179324,75384,1947665646,25836.59193,Apr,15,36%,-2.515306782,-2.230197237Las Virgenes Municipal Water District,36.778261,-119.4179324,75384,2996124037,39744.82697,Jun,14,36%,-2.515306782,-2.230197237Las Virgenes Municipal Water District,36.778261,-119.4179324,75384,2460793517,32643.44579,Oct,14,36%,-2.515306782,-2.230197237Las Virgenes Municipal Water District,36.778261,-119.4179324,75384,3268723218,43360.96809,Aug,14,36%,-2.515306782,-2.230197237Las Virgenes Municipal Water District,36.778261,-119.4179324,75384,1699736073,22547.7034,Mar,15,36%,-2.515306782,-2.230197237Las Virgenes Municipal Water District,36.778261,-119.4179324,75384,3293392827,43688.22068,Jul,14,36%,-2.515306782,-2.230197237"Lathrop, City of ",37.7103474,-122.3981486,19831,452811047.3,22833.4954,Aug,15,20%,-1.993166457,-1.311131546"Lathrop, City of ",37.7103474,-122.3981486,19831,461820329.2,23287.79836,Jul,15,20%,-1.993166457,-1.311131546"Lathrop, City of ",37.7103474,-122.3981486,19831,439827082.4,22178.76468,Jun,15,20%,-1.993166457,-1.311131546"Lathrop, City of ",37.7103474,-122.3981486,19831,405152703.5,20430.27097,May,15,20%,-1.993166457,-1.311131546"Lathrop, City of ",37.7103474,-122.3981486,19831,350453492.4,17672.00305,Apr,15,20%,-1.993166457,-1.311131546"Lathrop, City of ",37.7103474,-122.3981486,19831,344321124.1,17362.77163,Mar,15,20%,-1.993166457,-1.311131546"Lathrop, City of ",37.7103474,-122.3981486,19831,239919446.4,12098.20213,Dec,14,20%,-1.993166457,-1.311131546"Lathrop, City of ",37.7103474,-122.3981486,19831,297987674.7,15026.35645,Nov,14,20%,-1.993166457,-1.311131546"Lathrop, City of ",37.7103474,-122.3981486,19831,230607331.6,11628.62849,Feb,15,20%,-1.993166457,-1.311131546"Lathrop, City of ",37.7103474,-122.3981486,19831,235111972.5,11855.77997,Jan,15,20%,-1.993166457,-1.311131546"Lathrop, City of ",37.7103474,-122.3981486,19831,565616340.9,28521.82648,Aug,14,20%,-1.993166457,-1.311131546"Lathrop, City of ",37.7103474,-122.3981486,19831,631936768.5,31866.10703,Jul,14,20%,-1.993166457,-1.311131546"Lathrop, City of ",37.7103474,-122.3981486,19831,449214905.4,22652.15599,Oct,14,20%,-1.993166457,-1.311131546"Lathrop, City of ",37.7103474,-122.3981486,19831,481920869.7,24301.39023,Sep,14,20%,-1.993166457,-1.311131546"Lathrop, City of ",37.7103474,-122.3981486,19831,618877095.2,31207.55863,Jun,14,20%,-1.993166457,-1.311131546Lee Lake Water District,33.7952359,-117.49514,15543,326176158,20985.40552,Apr,15,32%,-2.222758901,-1.382062309Lee Lake Water District,33.7952359,-117.49514,15543,255111457.7,16413.27013,Mar,15,32%,-2.222758901,-1.382062309Lee Lake Water District,33.7952359,-117.49514,15543,265089623.4,17055.24181,Aug,15,32%,-2.222758901,-1.382062309Lee Lake Water District,33.7952359,-117.49514,15543,306395378.8,19712.75679,Jul,15,32%,-2.222758901,-1.382062309Lee Lake Water District,33.7952359,-117.49514,15543,285980346.1,18399.30169,Jun,15,32%,-2.222758901,-1.382062309Lee Lake Water District,33.7952359,-117.49514,15543,274512817.4,17661.50791,May,15,32%,-2.222758901,-1.382062309Lee Lake Water District,33.7952359,-117.49514,15543,228815423.3,14721.44523,Feb,15,32%,-2.222758901,-1.382062309Lee Lake Water District,33.7952359,-117.49514,15543,177896764.2,11445.45868,Jan,15,32%,-2.222758901,-1.382062309Lee Lake Water District,33.7952359,-117.49514,13168,176498008.9,13403.55474,Dec,14,32%,-2.222758901,-1.382062309Lee Lake Water District,33.7952359,-117.49514,15543,291711279,18768.01641,Nov,14,32%,-2.222758901,-1.382062309Lee Lake Water District,33.7952359,-117.49514,15543,362846766.5,23344.70607,Oct,14,32%,-2.222758901,-1.382062309Lee Lake Water District,33.7952359,-117.49514,15543,415523780,26733.82101,Sep,14,32%,-2.222758901,-1.382062309Lee Lake Water District,33.7952359,-117.49514,15543,373643232.4,24039.32526,Aug,14,32%,-2.222758901,-1.382062309Lee Lake Water District,33.7952359,-117.49514,15543,381132519.7,24521.16835,Jul,14,32%,-2.222758901,-1.382062309Lee Lake Water District,33.7952359,-117.49514,15543,368198279.9,23689.00984,Jun,14,32%,-2.222758901,-1.382062309Lemoore  City of,37.7874848,-122.295318,25281,1004008752,39713.96511,Jun,14,32%,-2.084050942,-1.352326283Lemoore  City of,37.7874848,-122.295318,25281,903180503.6,35725.66368,Jul,15,32%,-2.084050942,-1.352326283Lemoore  City of,37.7874848,-122.295318,25281,832972457.3,32948.55652,Jun,15,32%,-2.084050942,-1.352326283Lemoore  City of,37.7874848,-122.295318,25281,766935935.7,30336.45567,May,15,32%,-2.084050942,-1.352326283Lemoore  City of,37.7874848,-122.295318,25281,692756991.7,27402.27806,Apr,15,32%,-2.084050942,-1.352326283Lemoore  City of,37.7874848,-122.295318,25281,463459412.8,18332.32122,Feb,15,32%,-2.084050942,-1.352326283Lemoore  City of,37.7874848,-122.295318,25281,505609981.4,19999.60371,Jan,15,32%,-2.084050942,-1.352326283Lemoore  City of,37.7874848,-122.295318,25281,501302181.9,19829.20699,Dec,14,32%,-2.084050942,-1.352326283Lemoore  City of,37.7874848,-122.295318,25281,603266053.9,23862.42846,Nov,14,32%,-2.084050942,-1.352326283Lemoore  City of,37.7874848,-122.295318,25281,779166603.6,30820.24459,Oct,14,32%,-2.084050942,-1.352326283Lemoore  City of,37.7874848,-122.295318,25281,859773178.1,34008.66968,Sep,14,32%,-2.084050942,-1.352326283Lemoore  City of,37.7874848,-122.295318,25281,972991081.6,38487.04883,Aug,14,32%,-2.084050942,-1.352326283Lemoore  City of,37.7874848,-122.295318,25281,1061153339,41974.34198,Jul,14,32%,-2.084050942,-1.352326283Lemoore  City of,37.7874848,-122.295318,25281,903994367.3,35757.85639,Aug,15,32%,-2.084050942,-1.352326283Lemoore  City of,37.7874848,-122.295318,25281,613634298.9,24272.54851,Mar,15,32%,-2.084050942,-1.352326283Lincoln  City of,37.7661463,-122.4602632,45837,1107040110,24151.67027,Jul,15,32%,-1.886002931,-1.311884885Lincoln  City of,37.7661463,-122.4602632,45206,1159471859,25648.6276,Sep,14,32%,-1.886002931,-1.311884885Lincoln  City of,37.7661463,-122.4602632,45873,887300698,19342.54786,May,15,32%,-1.886002931,-1.311884885Lincoln  City of,37.7661463,-122.4602632,45873,959874627.1,20924.60984,Jun,15,32%,-1.886002931,-1.311884885Lincoln  City of,37.7661463,-122.4602632,45206,1559968505,34507.99684,Jul,14,32%,-1.886002931,-1.311884885Lincoln  City of,37.7661463,-122.4602632,45206,973229562.6,21528.76969,Oct,14,32%,-1.886002931,-1.311884885Lincoln  City of,37.7661463,-122.4602632,45206,454249504.1,10048.43393,Feb,15,32%,-1.886002931,-1.311884885Lincoln  City of,37.7661463,-122.4602632,45837,1122575443,24490.59588,Aug,15,32%,-1.886002931,-1.311884885Lincoln  City of,37.7661463,-122.4602632,45206,1392653271,30806.82368,Aug,14,32%,-1.886002931,-1.311884885Lincoln  City of,37.7661463,-122.4602632,45206,603394758,13347.66973,Nov,14,32%,-1.886002931,-1.311884885Lincoln  City of,37.7661463,-122.4602632,45206,696137365.1,15399.22499,Mar,15,32%,-1.886002931,-1.311884885Lincoln  City of,37.7661463,-122.4602632,45206,492482170.7,10894.17712,Jan,15,32%,-1.886002931,-1.311884885Lincoln  City of,37.7661463,-122.4602632,45206,753675635.6,16672.02662,Apr,15,32%,-1.886002931,-1.311884885Lincoln  City of,37.7661463,-122.4602632,45206,1456626743,32221.97813,Jun,14,32%,-1.886002931,-1.311884885Lincoln  City of,37.7661463,-122.4602632,45206,440243477.7,9738.607214,Dec,14,32%,-1.886002931,-1.311884885Lincoln Avenue Water Company,36.778261,-119.4179324,16126,207052030,12839.63971,Jun,15,28%,-2.515306782,-2.230197237Lincoln Avenue Water Company,36.778261,-119.4179324,16126,188734845.1,11703.76071,Mar,15,28%,-2.515306782,-2.230197237Lincoln Avenue Water Company,36.778261,-119.4179324,16126,159686380.3,9902.417234,Feb,15,28%,-2.515306782,-2.230197237Lincoln Avenue Water Company,36.778261,-119.4179324,16126,189696959.9,11763.42304,May,15,28%,-2.515306782,-2.230197237Lincoln Avenue Water Company,36.778261,-119.4179324,16126,199934847.7,12398.29144,Apr,15,28%,-2.515306782,-2.230197237Lincoln Avenue Water Company,36.778261,-119.4179324,16126,201538372.3,12497.72866,Nov,14,28%,-2.515306782,-2.230197237Lincoln Avenue Water Company,36.778261,-119.4179324,16126,261571866.3,16220.50516,Oct,14,28%,-2.515306782,-2.230197237Lincoln Avenue Water Company,36.778261,-119.4179324,16126,159007966.1,9860.347641,Jan,15,28%,-2.515306782,-2.230197237Lincoln Avenue Water Company,36.778261,-119.4179324,16126,135855537.8,8424.627175,Dec,14,28%,-2.515306782,-2.230197237Lincoln Avenue Water Company,36.778261,-119.4179324,16126,281628258.6,17464.23531,Sep,14,28%,-2.515306782,-2.230197237Lincoln Avenue Water Company,36.778261,-119.4179324,16126,235903137.9,14628.74475,Aug,15,28%,-2.515306782,-2.230197237Lincoln Avenue Water Company,36.778261,-119.4179324,16126,221335733.7,13725.39586,Jul,15,28%,-2.515306782,-2.230197237Lincoln Avenue Water Company,36.778261,-119.4179324,16126,314044125,19474.39694,Jul,14,28%,-2.515306782,-2.230197237Lincoln Avenue Water Company,36.778261,-119.4179324,16126,307753374.7,19084.29708,Jun,14,28%,-2.515306782,-2.230197237Lincoln Avenue Water Company,36.778261,-119.4179324,16126,289867908,17975.18963,Aug,14,28%,-2.515306782,-2.230197237Linda County Water District,33.8931515,-117.7546316,18808,368843026.5,19610.96483,Jul,15,32%,-2.363619585,-1.789670491Linda County Water District,33.8931515,-117.7546316,18808,353481822.4,18794.22705,Jun,15,32%,-2.363619585,-1.789670491Linda County Water District,33.8931515,-117.7546316,18808,286756355.7,15246.50977,Mar,15,32%,-2.363619585,-1.789670491Linda County Water District,33.8931515,-117.7546316,18808,201788986,10728.89121,Feb,15,32%,-2.363619585,-1.789670491Linda County Water District,33.8931515,-117.7546316,18808,296605999.1,15770.20412,Apr,15,32%,-2.363619585,-1.789670491Linda County Water District,33.8931515,-117.7546316,18808,248323062.2,13203.0552,Nov,14,32%,-2.363619585,-1.789670491Linda County Water District,33.8931515,-117.7546316,18808,513127810.7,27282.42294,Aug,14,32%,-2.363619585,-1.789670491Linda County Water District,33.8931515,-117.7546316,18808,216854927.9,11529.93023,Jan,15,32%,-2.363619585,-1.789670491Linda County Water District,33.8931515,-117.7546316,18808,219088321.2,11648.67722,Dec,14,32%,-2.363619585,-1.789670491Linda County Water District,33.8931515,-117.7546316,18808,369778023.4,19660.67755,Aug,15,32%,-2.363619585,-1.789670491Linda County Water District,33.8931515,-117.7546316,18808,574636978.9,30552.79556,Jul,14,32%,-2.363619585,-1.789670491Linda County Water District,33.8931515,-117.7546316,18808,549717608.2,29227.86092,Jun,14,32%,-2.363619585,-1.789670491Linda County Water District,33.8931515,-117.7546316,18808,337787502.1,17959.77786,May,15,32%,-2.363619585,-1.789670491Linda County Water District,33.8931515,-117.7546316,18808,359784534.3,19129.33509,Oct,14,32%,-2.363619585,-1.789670491Linda County Water District,33.8931515,-117.7546316,18808,447980861,23818.63361,Sep,14,32%,-2.363619585,-1.789670491Livermore  City of Division of Water Resources,36.778261,-119.4179324,27033,292169495.6,10807.8828,Dec,14,20%,-2.515306782,-2.230197237Livermore  City of Division of Water Resources,36.778261,-119.4179324,27033,405803794.5,15011.42287,Nov,14,20%,-2.515306782,-2.230197237Livermore  City of Division of Water Resources,36.778261,-119.4179324,27033,634181518.1,23459.53161,Aug,15,20%,-2.515306782,-2.230197237Livermore  City of Division of Water Resources,36.778261,-119.4179324,27033,612877216.4,22671.44662,Jul,15,20%,-2.515306782,-2.230197237Livermore  City of Division of Water Resources,36.778261,-119.4179324,27033,450149902.3,16651.86632,Apr,15,20%,-2.515306782,-2.230197237Livermore  City of Division of Water Resources,36.778261,-119.4179324,27033,426426722,15774.30259,Mar,15,20%,-2.515306782,-2.230197237Livermore  City of Division of Water Resources,36.778261,-119.4179324,27033,565128022.7,20905.11681,Oct,14,20%,-2.515306782,-2.230197237Livermore  City of Division of Water Resources,36.778261,-119.4179324,27033,499488969.3,18477.00845,May,15,20%,-2.515306782,-2.230197237Livermore  City of Division of Water Resources,36.778261,-119.4179324,31994,665221900.9,20792.08292,Jun,14,20%,-2.515306782,-2.230197237Livermore  City of Division of Water Resources,36.778261,-119.4179324,27033,621772935.8,23000.51551,Sep,14,20%,-2.515306782,-2.230197237Livermore  City of Division of Water Resources,36.778261,-119.4179324,27033,550395197.1,20360.1227,Jun,15,20%,-2.515306782,-2.230197237Livermore  City of Division of Water Resources,36.778261,-119.4179324,27033,325685538.2,12047.70237,Jan,15,20%,-2.515306782,-2.230197237Livermore  City of Division of Water Resources,36.778261,-119.4179324,27033,315075026.9,11655.2002,Feb,15,20%,-2.515306782,-2.230197237Livermore  City of Division of Water Resources,36.778261,-119.4179324,31994,687843526.2,21499.14128,Jul,14,20%,-2.515306782,-2.230197237Livermore  City of Division of Water Resources,36.778261,-119.4179324,31994,661955089.9,20689.97593,Aug,14,20%,-2.515306782,-2.230197237Livingston  City of,37.386883,-120.723533,14898,787521009,52860.85441,Aug,15,32%,-2.353052961,-1.872318864Livingston  City of,37.386883,-120.723533,14898,889708220.4,59719.97721,Jul,15,32%,-2.353052961,-1.872318864Livingston  City of,37.386883,-120.723533,14898,832400860,55873.32931,Jun,15,32%,-2.353052961,-1.872318864Livingston  City of,37.386883,-120.723533,14898,752801205.3,50530.35342,May,15,32%,-2.353052961,-1.872318864Livingston  City of,37.386883,-120.723533,14898,761719637.2,51128.98625,Apr,15,32%,-2.353052961,-1.872318864Livingston  City of,37.386883,-120.723533,14898,742451887.4,49835.67508,Mar,15,32%,-2.353052961,-1.872318864Livingston  City of,37.386883,-120.723533,14894,586012143.6,39345.5179,Feb,15,32%,-2.353052961,-1.872318864Livingston  City of,37.386883,-120.723533,14894,627681964.8,42143.27681,Jan,15,32%,-2.353052961,-1.872318864Livingston  City of,37.386883,-120.723533,14894,560449252.8,37629.19651,Dec,14,32%,-2.353052961,-1.872318864Livingston  City of,37.386883,-120.723533,14894,597958905.6,40147.63701,Nov,14,32%,-2.353052961,-1.872318864Livingston  City of,37.386883,-120.723533,14894,809730024.4,54366.18936,Oct,14,32%,-2.353052961,-1.872318864Livingston  City of,37.386883,-120.723533,14894,811626516.1,54493.52196,Sep,14,32%,-2.353052961,-1.872318864Livingston  City of,37.386883,-120.723533,14894,976821919.1,65584.9281,Aug,14,32%,-2.353052961,-1.872318864Livingston  City of,37.386883,-120.723533,14894,960544645.2,64492.05352,Jul,14,32%,-2.353052961,-1.872318864Livingston  City of,37.386883,-120.723533,14898,922713232.3,61935.37604,Jun,14,32%,-2.353052961,-1.872318864Lodi  City of Public Works Department,36.778261,-119.4179324,63651,2082355435,32715.20377,Sep,14,32%,-2.515306782,-2.230197237Lodi  City of Public Works Department,36.778261,-119.4179324,63651,2393592054,37604.94028,Aug,14,32%,-2.515306782,-2.230197237Lodi  City of Public Works Department,36.778261,-119.4179324,63651,2730418061,42896.70329,Jul,14,32%,-2.515306782,-2.230197237Lodi  City of Public Works Department,36.778261,-119.4179324,63651,1774601396,27880.18093,Jul,15,32%,-2.515306782,-2.230197237Lodi  City of Public Works Department,36.778261,-119.4179324,63651,1564511000,24579.51957,Jun,15,32%,-2.515306782,-2.230197237Lodi  City of Public Works Department,36.778261,-119.4179324,63651,1429371773,22456.39146,May,15,32%,-2.515306782,-2.230197237Lodi  City of Public Works Department,36.778261,-119.4179324,63651,1770437442,27814.76241,Aug,15,32%,-2.515306782,-2.230197237Lodi  City of Public Works Department,36.778261,-119.4179324,63651,727556289.1,11430.39841,Feb,15,32%,-2.515306782,-2.230197237Lodi  City of Public Works Department,36.778261,-119.4179324,63651,756703965.6,11888.328,Dec,14,32%,-2.515306782,-2.230197237Lodi  City of Public Works Department,36.778261,-119.4179324,63651,1002377239,15748.02028,Nov,14,32%,-2.515306782,-2.230197237Lodi  City of Public Works Department,36.778261,-119.4179324,63651,1814726769,28510.57751,Oct,14,32%,-2.515306782,-2.230197237Lodi  City of Public Works Department,36.778261,-119.4179324,63651,1196190361,18792.95472,Apr,15,32%,-2.515306782,-2.230197237Lodi  City of Public Works Department,36.778261,-119.4179324,63651,2597928622,40815.20514,Jun,14,32%,-2.515306782,-2.230197237Lodi  City of Public Works Department,36.778261,-119.4179324,63651,779794982.1,12251.10339,Jan,15,32%,-2.515306782,-2.230197237Lodi  City of Public Works Department,36.778261,-119.4179324,63651,1109504414,17431.06022,Mar,15,32%,-2.515306782,-2.230197237Loma Linda  City of,37.7591621,-122.422827,23261,660195746.4,28382.08789,Sep,14,32%,-1.935467601,-1.325534725Loma Linda  City of,37.7591621,-122.422827,23614,476703193.3,20187.31233,May,15,32%,-1.935467601,-1.325534725Loma Linda  City of,37.7591621,-122.422827,23261,372930482.2,16032.4355,Jan,15,32%,-1.935467601,-1.325534725Loma Linda  City of,37.7591621,-122.422827,23261,772553481.5,33212.39334,Jul,14,32%,-1.935467601,-1.325534725Loma Linda  City of,37.7591621,-122.422827,23261,326761308.6,14047.60365,Dec,14,32%,-1.935467601,-1.325534725Loma Linda  City of,37.7591621,-122.422827,23614,551526117.9,23355.89557,Jul,15,32%,-1.935467601,-1.325534725Loma Linda  City of,37.7591621,-122.422827,23261,485792710.8,20884.42934,Nov,14,32%,-1.935467601,-1.325534725Loma Linda  City of,37.7591621,-122.422827,23614,572285594.1,24235.01288,Jun,15,32%,-1.935467601,-1.325534725Loma Linda  City of,37.7591621,-122.422827,23614,489445046.4,20726.90126,Mar,15,32%,-1.935467601,-1.325534725Loma Linda  City of,37.7591621,-122.422827,23261,684816016.4,29440.52347,Aug,14,32%,-1.935467601,-1.325534725Loma Linda  City of,37.7591621,-122.422827,23614,397082029.6,16815.53441,Feb,15,32%,-1.935467601,-1.325534725Loma Linda  City of,37.7591621,-122.422827,23614,521046815.8,22065.1654,Apr,15,32%,-1.935467601,-1.325534725Loma Linda  City of,37.7591621,-122.422827,23261,616999260.7,26525.05313,Oct,14,32%,-1.935467601,-1.325534725Loma Linda  City of,37.7591621,-122.422827,23614,717700605.5,30393.01285,Jun,14,32%,-1.935467601,-1.325534725Lomita  City of,34.1317986,-117.3662913,20463,209555995.3,10240.72694,Jun,15,20%,-2.153351644,-1.612895311Lomita  City of,34.1317986,-117.3662913,20463,218696085.5,10687.39117,Jul,15,20%,-2.153351644,-1.612895311Lomita  City of,34.1317986,-117.3662913,20463,201563041.9,9850.121777,Jan,15,20%,-2.153351644,-1.612895311Lomita  City of,34.1317986,-117.3662913,20463,214724278.4,10493.29416,May,15,20%,-2.153351644,-1.612895311Lomita  City of,34.1317986,-117.3662913,20463,228366572.3,11159.97519,Aug,15,20%,-2.153351644,-1.612895311Lomita  City of,34.1317986,-117.3662913,20463,208902250.7,10208.77929,Apr,15,20%,-2.153351644,-1.612895311Lomita  City of,34.1317986,-117.3662913,20463,251580674.6,12294.41795,Sep,14,20%,-2.153351644,-1.612895311Lomita  City of,34.1317986,-117.3662913,20463,190215021.7,9295.558896,Dec,14,20%,-2.153351644,-1.612895311Lomita  City of,34.1317986,-117.3662913,20463,219473178.2,10725.36667,Nov,14,20%,-2.153351644,-1.612895311Lomita  City of,34.1317986,-117.3662913,20300,262830016.4,12947.29145,Jun,14,20%,-2.153351644,-1.612895311Lomita  City of,34.1317986,-117.3662913,20463,263237064.9,12864.05048,Aug,14,20%,-2.153351644,-1.612895311Lomita  City of,34.1317986,-117.3662913,20463,208889915.9,10208.17651,Mar,15,20%,-2.153351644,-1.612895311Lomita  City of,34.1317986,-117.3662913,20463,182370086,8912.187165,Feb,15,20%,-2.153351644,-1.612895311Lomita  City of,34.1317986,-117.3662913,20463,240602698.5,11757.93864,Oct,14,20%,-2.153351644,-1.612895311Lomita  City of,34.1317986,-117.3662913,20300,261140148.1,12864.04671,Jul,14,20%,-2.153351644,-1.612895311Lompoc  City of,34.6390421,-120.4572755,39846,366427933.3,9196.103331,Dec,14,12%,-2.368207331,-2.131905527Lompoc  City of,34.6390421,-120.4572755,39846,351664824.4,8825.599168,Feb,15,12%,-2.368207331,-2.131905527Lompoc  City of,34.6390421,-120.4572755,39846,443650349,11134.12511,Apr,15,12%,-2.368207331,-2.131905527Lompoc  City of,34.6390421,-120.4572755,39661,568190421.4,14326.17487,Aug,14,12%,-2.368207331,-2.131905527Lompoc  City of,34.6390421,-120.4572755,39846,384219372.2,9642.608348,Jan,15,12%,-2.368207331,-2.131905527Lompoc  City of,34.6390421,-120.4572755,41541,412117862.6,9920.749684,Jun,15,12%,-2.368207331,-2.131905527Lompoc  City of,34.6390421,-120.4572755,41541,482261556.9,11609.29099,May,15,12%,-2.368207331,-2.131905527Lompoc  City of,34.6390421,-120.4572755,39661,420937873.8,10613.39537,Nov,14,12%,-2.368207331,-2.131905527Lompoc  City of,34.6390421,-120.4572755,39661,488318216.9,12312.30218,Sep,14,12%,-2.368207331,-2.131905527Lompoc  City of,34.6390421,-120.4572755,41541,507775237.3,12223.47169,Jul,15,12%,-2.368207331,-2.131905527Lompoc  City of,34.6390421,-120.4572755,39846,417909543.8,10488.11785,Mar,15,12%,-2.368207331,-2.131905527Lompoc  City of,34.6390421,-120.4572755,39661,570840210.2,14392.98581,Jul,14,12%,-2.368207331,-2.131905527Lompoc  City of,34.6390421,-120.4572755,41541,437593689,10534.01914,Aug,15,12%,-2.368207331,-2.131905527Lompoc  City of,34.6390421,-120.4572755,39661,551156065,13896.67595,Jun,14,12%,-2.368207331,-2.131905527Lompoc  City of,34.6390421,-120.4572755,39661,487939675.7,12302.75776,Oct,14,12%,-2.368207331,-2.131905527Long Beach  City of,33.7726243,-118.1641161,473502,5270662004,11131.23494,May,15,16%,-2.448243903,-1.792906715Long Beach  City of,33.7726243,-118.1641161,472656,5167049646,10931.94553,Jan,15,16%,-2.448243903,-1.792906715Long Beach  City of,33.7726243,-118.1641161,472459,4928987917,10432.62572,Dec,14,16%,-2.448243903,-1.792906715Long Beach  City of,33.7726243,-118.1641161,472262,5514891135,11677.60933,Nov,14,16%,-2.448243903,-1.792906715Long Beach  City of,33.7726243,-118.1641161,472853,4891983503,10345.67509,Feb,15,16%,-2.448243903,-1.792906715Long Beach  City of,33.7726243,-118.1641161,473050,5690045361,12028.4227,Mar,15,16%,-2.448243903,-1.792906715Long Beach  City of,33.7726243,-118.1641161,474045,5729516735,12086.4406,Aug,15,16%,-2.448243903,-1.792906715Long Beach  City of,33.7726243,-118.1641161,473864,5597534326,11812.5334,Jul,15,16%,-2.448243903,-1.792906715Long Beach  City of,33.7726243,-118.1641161,471875,6493041140,13760.08718,Aug,14,16%,-2.448243903,-1.792906715Long Beach  City of,33.7726243,-118.1641161,473683,5387842648,11374.36355,Jun,15,16%,-2.448243903,-1.792906715Long Beach  City of,33.7726243,-118.1641161,473247,5731983696,12112.03388,Apr,15,16%,-2.448243903,-1.792906715Long Beach  City of,33.7726243,-118.1641161,471000,6401763586,13591.85475,Jun,14,16%,-2.448243903,-1.792906715Long Beach  City of,33.7726243,-118.1641161,472853,6111895678,12925.57238,Oct,14,16%,-2.448243903,-1.792906715Long Beach  City of,33.7726243,-118.1641161,471694,6610221784,14013.79238,Jul,14,16%,-2.448243903,-1.792906715Long Beach  City of,33.7726243,-118.1641161,472055,6306785590,13360.27707,Sep,14,16%,-2.448243903,-1.792906715Los Angeles County Public Works Waterworks District 29,36.778261,-119.4179324,22188,708252145.2,31920.50411,Jun,15,36%,-2.515306782,-2.230197237Los Angeles County Public Works Waterworks District 29,36.778261,-119.4179324,22169,1016387899,45847.25963,Aug,14,36%,-2.515306782,-2.230197237Los Angeles County Public Works Waterworks District 29,36.778261,-119.4179324,22219,830132349.4,37361.37312,Aug,15,36%,-2.515306782,-2.230197237Los Angeles County Public Works Waterworks District 29,36.778261,-119.4179324,22158,1038590547,46872.0348,Jun,14,36%,-2.515306782,-2.230197237Los Angeles County Public Works Waterworks District 29,36.778261,-119.4179324,22168,979383485,44180.05616,Sep,14,36%,-2.515306782,-2.230197237Los Angeles County Public Works Waterworks District 29,36.778261,-119.4179324,22188,735154354,33132.9707,May,15,36%,-2.515306782,-2.230197237Los Angeles County Public Works Waterworks District 29,36.778261,-119.4179324,22171,1065727117,48068.51821,Jul,14,36%,-2.515306782,-2.230197237Los Angeles County Public Works Waterworks District 29,36.778261,-119.4179324,22208,742431888.7,33430.83072,Jul,15,36%,-2.515306782,-2.230197237Los Angeles County Public Works Waterworks District 29,36.778261,-119.4179324,22199,645110280.4,29060.33066,Feb,15,36%,-2.515306782,-2.230197237Los Angeles County Public Works Waterworks District 29,36.778261,-119.4179324,22199,664845967.8,29949.36564,Jan,15,36%,-2.515306782,-2.230197237Los Angeles County Public Works Waterworks District 29,36.778261,-119.4179324,22186,954713875.8,43032.26701,Oct,14,36%,-2.515306782,-2.230197237Los Angeles County Public Works Waterworks District 29,36.778261,-119.4179324,22199,822731466.6,37061.64542,Mar,15,36%,-2.515306782,-2.230197237Los Angeles County Public Works Waterworks District 29,36.778261,-119.4179324,22180,805462740.2,36314.82147,Apr,15,36%,-2.515306782,-2.230197237Los Angeles County Public Works Waterworks District 29,36.778261,-119.4179324,22174,453920809.2,20470.85817,Dec,14,36%,-2.515306782,-2.230197237Los Angeles County Public Works Waterworks District 29,36.778261,-119.4179324,22185,812863622.9,36640.23543,Nov,14,36%,-2.515306782,-2.230197237Los Angeles County Public Works Waterworks District 40,36.778261,-119.4179324,206595,5303965977,25673.25432,Oct,14,32%,-2.515306782,-2.230197237Los Angeles County Public Works Waterworks District 40,36.778261,-119.4179324,206536,4271542832,20681.83189,Nov,14,32%,-2.515306782,-2.230197237Los Angeles County Public Works Waterworks District 40,36.778261,-119.4179324,206550,2576740680,12475.14249,Dec,14,32%,-2.515306782,-2.230197237Los Angeles County Public Works Waterworks District 40,36.778261,-119.4179324,206616,5701146685,27592.95836,Sep,14,32%,-2.515306782,-2.230197237Los Angeles County Public Works Waterworks District 40,36.778261,-119.4179324,206339,7192424561,34857.32004,Jun,14,32%,-2.515306782,-2.230197237Los Angeles County Public Works Waterworks District 40,36.778261,-119.4179324,206372,2608983860,12642.1407,Jan,15,32%,-2.515306782,-2.230197237Los Angeles County Public Works Waterworks District 40,36.778261,-119.4179324,206959,4746420474,22934.11001,Jun,15,32%,-2.515306782,-2.230197237Los Angeles County Public Works Waterworks District 40,36.778261,-119.4179324,206372,2553933627,12375.38826,Feb,15,32%,-2.515306782,-2.230197237Los Angeles County Public Works Waterworks District 40,36.778261,-119.4179324,207148,4469565785,21576.67844,Jul,15,32%,-2.515306782,-2.230197237Los Angeles County Public Works Waterworks District 40,36.778261,-119.4179324,206616,4421225686,21398.27354,Apr,15,32%,-2.515306782,-2.230197237Los Angeles County Public Works Waterworks District 40,36.778261,-119.4179324,206548,7859737489,38052.83754,Aug,14,32%,-2.515306782,-2.230197237Los Angeles County Public Works Waterworks District 40,36.778261,-119.4179324,206511,7256565544,35138.88144,Jul,14,32%,-2.515306782,-2.230197237Los Angeles County Public Works Waterworks District 40,36.778261,-119.4179324,206454,3593128579,17404.01532,Mar,15,32%,-2.515306782,-2.230197237Los Angeles County Public Works Waterworks District 40,36.778261,-119.4179324,206948,4821169390,23296.52565,May,15,32%,-2.515306782,-2.230197237Los Angeles County Public Works Waterworks District 40,36.778261,-119.4179324,207191,5732316736,27666.82306,Aug,15,32%,-2.515306782,-2.230197237Los Angeles Department of Water and Power,34.0329456,-118.2576808,4005398,51608822434,12884.81755,Jun,15,16%,-2.388762303,-1.921825251Los Angeles Department of Water and Power,34.0329456,-118.2576808,3973781,47408821469,11930.4062,Jan,15,16%,-2.388762303,-1.921825251Los Angeles Department of Water and Power,34.0329456,-118.2576808,3954519,62766886672,15872.19246,Jul,14,16%,-2.388762303,-1.921825251Los Angeles Department of Water and Power,34.0329456,-118.2576808,3960940,59006004751,14896.9701,Sep,14,16%,-2.388762303,-1.921825251Los Angeles Department of Water and Power,34.0329456,-118.2576808,3957729,60646533762,15323.56909,Aug,14,16%,-2.388762303,-1.921825251Los Angeles Department of Water and Power,34.0329456,-118.2576808,3970571,41636132917,10486.1827,Dec,14,16%,-2.388762303,-1.921825251Los Angeles Department of Water and Power,34.0329456,-118.2576808,4008954,53324593753,13301.37331,Jul,15,16%,-2.388762303,-1.921825251Los Angeles Department of Water and Power,34.0329456,-118.2576808,3967360,50057104016,12617.23262,Nov,14,16%,-2.388762303,-1.921825251Los Angeles Department of Water and Power,34.0329456,-118.2576808,3964150,59260101725,14949.0059,Oct,14,16%,-2.388762303,-1.921825251Los Angeles Department of Water and Power,34.0329456,-118.2576808,3976991,42587146352,10708.38389,Feb,15,16%,-2.388762303,-1.921825251Los Angeles Department of Water and Power,34.0329456,-118.2576808,3980202,50217456475,12616.81102,Mar,15,16%,-2.388762303,-1.921825251Los Angeles Department of Water and Power,34.0329456,-118.2576808,4012509,56128294838,13988.32871,Aug,15,16%,-2.388762303,-1.921825251Los Angeles Department of Water and Power,34.0329456,-118.2576808,4001843,49788205275,12441.31898,May,15,16%,-2.388762303,-1.921825251Los Angeles Department of Water and Power,34.0329456,-118.2576808,3998288,49983095188,12501.12428,Apr,15,16%,-2.388762303,-1.921825251Los Angeles Department of Water and Power,34.0329456,-118.2576808,3951309,61390322479,15536.70505,Jun,14,16%,-2.388762303,-1.921825251"Los Banos, City of",37.060924,-120.847906,37168,923428675.3,24844.72329,Jul,15,28%,-2.418834899,-2.098116198"Los Banos, City of",37.060924,-120.847906,37168,1104087488,29705.32416,Aug,14,28%,-2.418834899,-2.098116198"Los Banos, City of",37.060924,-120.847906,37168,862362400.3,23201.74344,Oct,14,28%,-2.418834899,-2.098116198"Los Banos, City of",37.060924,-120.847906,37168,446447768.9,12011.61668,Feb,15,28%,-2.418834899,-2.098116198"Los Banos, City of",37.060924,-120.847906,37168,481489332.7,12954.40521,Jan,15,28%,-2.418834899,-2.098116198"Los Banos, City of",37.060924,-120.847906,37168,926642490.5,24931.19055,Aug,15,28%,-2.418834899,-2.098116198"Los Banos, City of",37.060924,-120.847906,37168,482147994.5,12972.12641,Dec,14,28%,-2.418834899,-2.098116198"Los Banos, City of",37.060924,-120.847906,37168,561796859.6,15115.06833,Nov,14,28%,-2.418834899,-2.098116198"Los Banos, City of",37.060924,-120.847906,37168,629956997.7,16948.9076,Mar,15,28%,-2.418834899,-2.098116198"Los Banos, City of",37.060924,-120.847906,37168,708689793,19067.20278,Apr,15,28%,-2.418834899,-2.098116198"Los Banos, City of",37.060924,-120.847906,37168,897449389,24145.75412,Jun,15,28%,-2.418834899,-2.098116198"Los Banos, City of",37.060924,-120.847906,37168,956630528.6,25738.01465,Sep,14,28%,-2.418834899,-2.098116198"Los Banos, City of",37.060924,-120.847906,37168,1138682374,30636.09486,Jun,14,28%,-2.418834899,-2.098116198"Los Banos, City of",37.060924,-120.847906,37168,1177948458,31692.54353,Jul,14,28%,-2.418834899,-2.098116198"Los Banos, City of",37.060924,-120.847906,37168,736838120.6,19824.52972,May,15,28%,-2.418834899,-2.098116198Lynwood  City of,32.9993701,-117.2684923,71297,532037126.7,7462.265266,Apr,15,16%,-2.366736925,-1.527070418Lynwood  City of,32.9993701,-117.2684923,71297,586458284.6,8225.567479,Mar,15,16%,-2.366736925,-1.527070418Lynwood  City of,32.9993701,-117.2684923,65965,553980744.1,8398.101176,Nov,14,16%,-2.366736925,-1.527070418Lynwood  City of,32.9993701,-117.2684923,65965,658518213,9982.842614,Aug,14,16%,-2.366736925,-1.527070418Lynwood  City of,32.9993701,-117.2684923,65965,609919082.9,9246.101462,Aug,15,16%,-2.366736925,-1.527070418Lynwood  City of,32.9993701,-117.2684923,65965,691846855,10488.08997,Jul,14,16%,-2.366736925,-1.527070418Lynwood  City of,32.9993701,-117.2684923,65965,586273262.5,8887.641363,Jul,15,16%,-2.366736925,-1.527070418Lynwood  City of,32.9993701,-117.2684923,65965,586902337.5,8897.17786,Jun,15,16%,-2.366736925,-1.527070418Lynwood  City of,32.9993701,-117.2684923,65965,529767522.6,8031.039531,May,15,16%,-2.366736925,-1.527070418Lynwood  City of,32.9993701,-117.2684923,65965,632553449.3,9589.228369,Sep,14,16%,-2.366736925,-1.527070418Lynwood  City of,32.9993701,-117.2684923,65965,489839760.2,7425.752447,Feb,15,16%,-2.366736925,-1.527070418Lynwood  City of,32.9993701,-117.2684923,65965,616604547,9347.450117,Oct,14,16%,-2.366736925,-1.527070418Lynwood  City of,32.9993701,-117.2684923,65965,506109367.4,7672.392442,Dec,14,16%,-2.366736925,-1.527070418Lynwood  City of,32.9993701,-117.2684923,65965,534504087.6,8102.843744,Jan,15,16%,-2.366736925,-1.527070418Madera  City of,37.7558533,-122.3988025,63008,1401442999,22242.30255,Aug,14,28%,-1.971642387,-1.317458263Madera  City of,37.7558533,-122.3988025,63008,1245249307,19763.35239,Sep,14,28%,-1.971642387,-1.317458263Madera  City of,37.7558533,-122.3988025,63008,1159615705,18404.26144,Oct,14,28%,-1.971642387,-1.317458263Madera  City of,37.7558533,-122.3988025,63008,784401829.1,12449.24183,Nov,14,28%,-1.971642387,-1.317458263Madera  City of,37.7558533,-122.3988025,63961,1110897446,17368.35643,May,15,28%,-1.971642387,-1.317458263Madera  City of,37.7558533,-122.3988025,63961,1162927941,18181.82863,Jun,15,28%,-1.971642387,-1.317458263Madera  City of,37.7558533,-122.3988025,63008,1000522387,15879.29131,Apr,15,28%,-1.971642387,-1.317458263Madera  City of,37.7558533,-122.3988025,63008,1414884999,22455.64054,Jul,14,28%,-1.971642387,-1.317458263Madera  City of,37.7558533,-122.3988025,63008,592788032,9408.139158,Feb,15,28%,-1.971642387,-1.317458263Madera  City of,37.7558533,-122.3988025,63008,635642687.3,10088.28541,Jan,15,28%,-1.971642387,-1.317458263Madera  City of,37.7558533,-122.3988025,63008,634836394.5,10075.48874,Dec,14,28%,-1.971642387,-1.317458263Madera  City of,37.7558533,-122.3988025,63008,961468285.8,15259.46365,Mar,15,28%,-1.971642387,-1.317458263Madera  City of,37.7558533,-122.3988025,63961,1297900610,20292.06251,Aug,15,28%,-1.971642387,-1.317458263Madera  City of,37.7558533,-122.3988025,63961,1222866163,19118.9344,Jul,15,28%,-1.971642387,-1.317458263Madera County,36.962843,-120.0694196,14326,468418140.5,32697.06411,Aug,15,36%,-2.59614637,-2.364277945Madera County,36.962843,-120.0694196,14326,463511333.5,32354.55351,Jul,15,36%,-2.59614637,-2.364277945Madera County,36.962843,-120.0694196,11853,573189687,48358.19514,Jun,14,36%,-2.59614637,-2.364277945Madera County,36.962843,-120.0694196,14326,423931862.6,29591.78156,Jun,15,36%,-2.59614637,-2.364277945Madera County,36.962843,-120.0694196,11853,324329823,27362.67806,May,15,36%,-2.59614637,-2.364277945Madera County,36.962843,-120.0694196,11853,300052132.7,25314.44636,Apr,15,36%,-2.59614637,-2.364277945Madera County,36.962843,-120.0694196,11853,199352686.9,16818.75364,Mar,15,36%,-2.59614637,-2.364277945Madera County,36.962843,-120.0694196,11853,134739355.4,11367.53188,Feb,15,36%,-2.59614637,-2.364277945Madera County,36.962843,-120.0694196,11853,139726333.6,11788.26741,Jan,15,36%,-2.59614637,-2.364277945Madera County,36.962843,-120.0694196,11853,184561395.6,15570.85933,Dec,14,36%,-2.59614637,-2.364277945Madera County,36.962843,-120.0694196,11853,181464004.5,15309.54227,Nov,14,36%,-2.59614637,-2.364277945Madera County,36.962843,-120.0694196,11853,363447151.9,30662.88297,Oct,14,36%,-2.59614637,-2.364277945Madera County,36.962843,-120.0694196,11853,409811460,34574.49253,Sep,14,36%,-2.59614637,-2.364277945Madera County,36.962843,-120.0694196,11853,426574088.1,35988.70228,Aug,14,36%,-2.59614637,-2.364277945Madera County,36.962843,-120.0694196,11853,545766890.5,46044.62081,Jul,14,36%,-2.59614637,-2.364277945Mammoth Community Water District,36.778261,-119.4179324,16739,264952379.5,15828.44731,Jul,15,20%,-2.515306782,-2.230197237Mammoth Community Water District,36.778261,-119.4179324,16739,103466680.8,6181.17455,Nov,14,20%,-2.515306782,-2.230197237Mammoth Community Water District,36.778261,-119.4179324,16739,278023409,16609.32009,Aug,15,20%,-2.515306782,-2.230197237Mammoth Community Water District,36.778261,-119.4179324,16739,274287206.8,16386.11666,Sep,14,20%,-2.515306782,-2.230197237Mammoth Community Water District,36.778261,-119.4179324,16739,144250715.4,8617.642359,Dec,14,20%,-2.515306782,-2.230197237Mammoth Community Water District,36.778261,-119.4179324,16739,129661735.5,7746.086118,Mar,15,20%,-2.515306782,-2.230197237Mammoth Community Water District,36.778261,-119.4179324,16739,162606180.8,9714.211173,Oct,14,20%,-2.515306782,-2.230197237Mammoth Community Water District,36.778261,-119.4179324,16739,222703390.2,13304.46205,Jun,15,20%,-2.515306782,-2.230197237Mammoth Community Water District,36.778261,-119.4179324,16739,111423617.9,6656.527746,Apr,15,20%,-2.515306782,-2.230197237Mammoth Community Water District,36.778261,-119.4179324,16739,370516178.9,22134.90524,Aug,14,20%,-2.515306782,-2.230197237Mammoth Community Water District,36.778261,-119.4179324,16739,129370258.8,7728.673085,Feb,15,20%,-2.515306782,-2.230197237Mammoth Community Water District,36.778261,-119.4179324,16739,153748315.5,9185.035874,Jan,15,20%,-2.515306782,-2.230197237Mammoth Community Water District,36.778261,-119.4179324,16739,137232560.6,8198.372699,May,15,20%,-2.515306782,-2.230197237Mammoth Community Water District,36.778261,-119.4179324,16739,355374528.7,21230.33208,Jul,14,20%,-2.515306782,-2.230197237Manhattan Beach  City of,33.8808173,-118.396067,35996,498202757.7,13840.50332,Jun,15,20%,-2.606302005,-1.84875889Manhattan Beach  City of,33.8808173,-118.396067,35996,581475023.5,16153.87886,Sep,14,20%,-2.606302005,-1.84875889Manhattan Beach  City of,33.8808173,-118.396067,35996,498202757.7,13840.50332,Jul,15,20%,-2.606302005,-1.84875889Manhattan Beach  City of,33.8808173,-118.396067,35996,491665311.2,13658.88741,Aug,15,20%,-2.606302005,-1.84875889Manhattan Beach  City of,33.8808173,-118.396067,35996,487224781.6,13535.52566,May,15,20%,-2.606302005,-1.84875889Manhattan Beach  City of,33.8808173,-118.396067,35996,483043282.8,13419.36001,Apr,15,20%,-2.606302005,-1.84875889Manhattan Beach  City of,33.8808173,-118.396067,35996,563700570.1,15660.08918,Oct,14,20%,-2.606302005,-1.84875889Manhattan Beach  City of,33.8808173,-118.396067,35996,611719964.4,16994.10947,Aug,14,20%,-2.606302005,-1.84875889Manhattan Beach  City of,33.8808173,-118.396067,35996,498326105.7,13843.93004,Nov,14,20%,-2.606302005,-1.84875889Manhattan Beach  City of,33.8808173,-118.396067,35996,619207190.8,17202.11109,Jun,14,20%,-2.606302005,-1.84875889Manhattan Beach  City of,33.8808173,-118.396067,35996,455549003.4,12655.54515,Jan,15,20%,-2.606302005,-1.84875889Manhattan Beach  City of,33.8808173,-118.396067,35996,641409839,17818.91985,Jul,14,20%,-2.606302005,-1.84875889Manhattan Beach  City of,33.8808173,-118.396067,35996,424317278.1,11787.90083,Dec,14,20%,-2.606302005,-1.84875889Manhattan Beach  City of,33.8808173,-118.396067,35996,499559586.2,13878.19719,Mar,15,20%,-2.606302005,-1.84875889Manhattan Beach  City of,33.8808173,-118.396067,35996,426956926.3,11861.23253,Feb,15,20%,-2.606302005,-1.84875889Manteca  City of,37.7915149,-121.2031281,75282,1559510470,20715.58235,Aug,15,32%,-2.03414222,-1.167681753Manteca  City of,37.7915149,-121.2031281,75137,1599775904,21291.45299,Jul,15,32%,-2.03414222,-1.167681753Manteca  City of,37.7915149,-121.2031281,74794,1492058205,19948.90238,Jun,15,32%,-2.03414222,-1.167681753Manteca  City of,37.7915149,-121.2031281,74690,1333184440,17849.57077,May,15,32%,-2.03414222,-1.167681753Manteca  City of,37.7915149,-121.2031281,74586,1151999455,15445.25051,Apr,15,32%,-2.03414222,-1.167681753Manteca  City of,37.7915149,-121.2031281,74460,1121950850,15067.83307,Mar,15,32%,-2.03414222,-1.167681753Manteca  City of,37.7915149,-121.2031281,74334,708349105.9,9529.274705,Feb,15,32%,-2.03414222,-1.167681753Manteca  City of,37.7915149,-121.2031281,74208,679133291.9,9151.753072,Jan,15,32%,-2.03414222,-1.167681753Manteca  City of,37.7915149,-121.2031281,74082,704741607.7,9512.993814,Dec,14,32%,-2.03414222,-1.167681753Manteca  City of,37.7915149,-121.2031281,73940,951512650.8,12868.71316,Nov,14,32%,-2.03414222,-1.167681753Manteca  City of,37.7915149,-121.2031281,73802,1437472556,19477.42007,Oct,14,32%,-2.03414222,-1.167681753Manteca  City of,37.7915149,-121.2031281,73638,1726746211,23449.11881,Sep,14,32%,-2.03414222,-1.167681753Manteca  City of,37.7915149,-121.2031281,73528,1942908408,26424.06169,Aug,14,32%,-2.03414222,-1.167681753Manteca  City of,37.7915149,-121.2031281,73424,2109970020,28736.78933,Jul,14,32%,-2.03414222,-1.167681753Manteca  City of,37.7915149,-121.2031281,73320,1900352800,25918.6143,Jun,14,32%,-2.03414222,-1.167681753Marin Municipal Water District,36.778261,-119.4179324,188200,2342490406,12446.81406,Mar,15,20%,-2.515306782,-2.230197237Marin Municipal Water District,36.778261,-119.4179324,188200,2599868439,13814.39128,Jun,15,20%,-2.515306782,-2.230197237Marin Municipal Water District,36.778261,-119.4179324,187500,2612511614,13933.39527,Oct,14,20%,-2.515306782,-2.230197237Marin Municipal Water District,36.778261,-119.4179324,188200,2511736260,13346.10128,May,15,20%,-2.515306782,-2.230197237Marin Municipal Water District,36.778261,-119.4179324,188200,2224199630,11818.27646,Apr,15,20%,-2.515306782,-2.230197237Marin Municipal Water District,36.778261,-119.4179324,188200,1737973968,9234.718213,Feb,15,20%,-2.515306782,-2.230197237Marin Municipal Water District,36.778261,-119.4179324,188200,1908070923,10138.52775,Jan,15,20%,-2.515306782,-2.230197237Marin Municipal Water District,36.778261,-119.4179324,188200,2820673776,14987.63962,Jul,15,20%,-2.515306782,-2.230197237Marin Municipal Water District,36.778261,-119.4179324,187500,2024141434,10795.42098,Nov,14,20%,-2.515306782,-2.230197237Marin Municipal Water District,36.778261,-119.4179324,187500,3219384000,17170.048,Jun,14,20%,-2.515306782,-2.230197237Marin Municipal Water District,36.778261,-119.4179324,187500,1736740487,9262.615932,Dec,14,20%,-2.515306782,-2.230197237Marin Municipal Water District,36.778261,-119.4179324,188200,2922016531,15526.12397,Aug,15,20%,-2.515306782,-2.230197237Marin Municipal Water District,36.778261,-119.4179324,187500,3318062437,17696.333,Jul,14,20%,-2.515306782,-2.230197237Marin Municipal Water District,36.778261,-119.4179324,187500,3194714391,17038.47675,Aug,14,20%,-2.515306782,-2.230197237Marin Municipal Water District,36.778261,-119.4179324,187500,2834538096,15117.53651,Sep,14,20%,-2.515306782,-2.230197237Marina Coast Water District,36.778261,-119.4179324,32375,344091709,10628.31534,May,15,12%,-2.515306782,-2.230197237Marina Coast Water District,36.778261,-119.4179324,32375,368810657.5,11391.83498,Jul,15,12%,-2.515306782,-2.230197237Marina Coast Water District,36.778261,-119.4179324,32375,336740165.5,10401.24063,Jun,15,12%,-2.515306782,-2.230197237Marina Coast Water District,36.778261,-119.4179324,31325,303584210.7,9691.435299,Nov,14,12%,-2.515306782,-2.230197237Marina Coast Water District,36.778261,-119.4179324,32375,305483770.6,9435.792144,Jan,15,12%,-2.515306782,-2.230197237Marina Coast Water District,36.778261,-119.4179324,32375,360373651.1,11131.23247,Mar,15,12%,-2.515306782,-2.230197237Marina Coast Water District,36.778261,-119.4179324,31325,254948076.2,8138.805306,Dec,14,12%,-2.515306782,-2.230197237Marina Coast Water District,36.778261,-119.4179324,32375,297688174.1,9195.001518,Feb,15,12%,-2.515306782,-2.230197237Marina Coast Water District,36.778261,-119.4179324,32375,375138412.2,11587.28686,Apr,15,12%,-2.515306782,-2.230197237Marina Coast Water District,36.778261,-119.4179324,32375,366047661.2,11306.49147,Aug,15,12%,-2.515306782,-2.230197237Marina Coast Water District,36.778261,-119.4179324,31325,506491746.4,16168.93045,Jun,14,12%,-2.515306782,-2.230197237Marina Coast Water District,36.778261,-119.4179324,31325,428511111.7,13679.52472,Oct,14,12%,-2.515306782,-2.230197237Marina Coast Water District,36.778261,-119.4179324,31325,450467063.9,14380.43301,Sep,14,12%,-2.515306782,-2.230197237Marina Coast Water District,36.778261,-119.4179324,31325,509143729.4,16253.59072,Aug,14,12%,-2.515306782,-2.230197237Marina Coast Water District,36.778261,-119.4179324,31325,526178094.5,16797.3853,Jul,14,12%,-2.515306782,-2.230197237Martinez  City of,37.5802716,-121.9843779,35375,263920218.6,7460.642223,Mar,15,20%,-2.028027061,-1.500559971Martinez  City of,37.5802716,-121.9843779,35375,405868403.9,11473.31177,Jul,15,20%,-2.028027061,-1.500559971Martinez  City of,37.5802716,-121.9843779,35375,252093090.9,7126.306456,Feb,15,20%,-2.028027061,-1.500559971Martinez  City of,37.5802716,-121.9843779,35375,280399482.2,7926.487128,Apr,15,20%,-2.028027061,-1.500559971Martinez  City of,37.5802716,-121.9843779,35375,624949169.5,17666.40762,Jul,14,20%,-2.028027061,-1.500559971Martinez  City of,37.5802716,-121.9843779,35375,320125266.9,9049.477509,Jun,15,20%,-2.028027061,-1.500559971Martinez  City of,37.5802716,-121.9843779,35375,266290174.6,7527.637444,Jan,15,20%,-2.028027061,-1.500559971Martinez  City of,37.5802716,-121.9843779,35375,339472828.3,9596.405041,Aug,15,20%,-2.028027061,-1.500559971Martinez  City of,37.5802716,-121.9843779,35375,451158063.7,12753.58484,Nov,14,20%,-2.028027061,-1.500559971Martinez  City of,37.5802716,-121.9843779,35375,352152234.2,9954.833474,May,15,20%,-2.028027061,-1.500559971Martinez  City of,37.5802716,-121.9843779,35375,445769740.9,12601.26476,Aug,14,20%,-2.028027061,-1.500559971Martinez  City of,37.5802716,-121.9843779,35375,407227518.4,11511.73197,Oct,14,20%,-2.028027061,-1.500559971Martinez  City of,37.5802716,-121.9843779,35375,286540980.9,8100.098399,Dec,14,20%,-2.028027061,-1.500559971Martinez  City of,37.5802716,-121.9843779,35375,571020638.1,16141.92616,Sep,14,20%,-2.028027061,-1.500559971McKinleyville Community Service District,36.778261,-119.4179324,16900,113058916.2,6689.876696,Feb,15,4%,-2.515306782,-2.230197237McKinleyville Community Service District,36.778261,-119.4179324,16900,126644761.7,7493.772884,Mar,15,4%,-2.515306782,-2.230197237McKinleyville Community Service District,36.778261,-119.4179324,16900,175211604.6,10367.55057,Aug,14,4%,-2.515306782,-2.230197237McKinleyville Community Service District,36.778261,-119.4179324,16900,144678467.1,8560.856039,May,15,4%,-2.515306782,-2.230197237McKinleyville Community Service District,36.778261,-119.4179324,16900,153759671.7,9098.205428,Sep,14,4%,-2.515306782,-2.230197237McKinleyville Community Service District,36.778261,-119.4179324,16900,125819541.8,7444.943303,Apr,15,4%,-2.515306782,-2.230197237McKinleyville Community Service District,36.778261,-119.4179324,16900,116571779,6897.738402,Nov,14,4%,-2.515306782,-2.230197237McKinleyville Community Service District,36.778261,-119.4179324,16900,124089608.3,7342.580372,Jan,15,4%,-2.515306782,-2.230197237McKinleyville Community Service District,36.778261,-119.4179324,16900,158029617.1,9350.864915,Aug,15,4%,-2.515306782,-2.230197237McKinleyville Community Service District,36.778261,-119.4179324,16900,125471283.9,7424.336323,Dec,14,4%,-2.515306782,-2.230197237McKinleyville Community Service District,36.778261,-119.4179324,16900,158408158.3,9373.263806,Jun,15,4%,-2.515306782,-2.230197237McKinleyville Community Service District,36.778261,-119.4179324,16900,184516148.6,10918.1153,Jul,14,4%,-2.515306782,-2.230197237McKinleyville Community Service District,36.778261,-119.4179324,16900,170139151.8,10067.40543,Jul,15,4%,-2.515306782,-2.230197237McKinleyville Community Service District,36.778261,-119.4179324,16900,137762518.4,8151.628305,Oct,14,4%,-2.515306782,-2.230197237Menlo Park  City of,37.4482866,-122.1743776,16066,325909998,20285.69638,Aug,15,16%,-2.21414213,-1.301998766Menlo Park  City of,37.4482866,-122.1743776,16066,242188543.8,15074.60126,Mar,15,16%,-2.21414213,-1.301998766Menlo Park  City of,37.4482866,-122.1743776,16066,365992550.3,22780.56457,Jul,15,16%,-2.21414213,-1.301998766Menlo Park  City of,37.4482866,-122.1743776,16066,295077918.9,18366.60768,Jun,15,16%,-2.21414213,-1.301998766Menlo Park  City of,37.4482866,-122.1743776,16066,322520706.2,20074.73585,Nov,14,16%,-2.21414213,-1.301998766Menlo Park  City of,37.4482866,-122.1743776,16066,214309707.3,13339.33196,Feb,15,16%,-2.21414213,-1.301998766Menlo Park  City of,37.4482866,-122.1743776,16066,240631225.1,14977.66869,Jan,15,16%,-2.21414213,-1.301998766Menlo Park  City of,37.4482866,-122.1743776,14198,437657526.2,30825.29414,Jun,14,16%,-2.21414213,-1.301998766Menlo Park  City of,37.4482866,-122.1743776,16000,464989885.4,29061.86784,Jul,14,16%,-2.21414213,-1.301998766Menlo Park  City of,37.4482866,-122.1743776,16066,316339566.6,19690.00166,Oct,14,16%,-2.21414213,-1.301998766Menlo Park  City of,37.4482866,-122.1743776,16066,328798116.4,20465.46224,May,15,16%,-2.21414213,-1.301998766Menlo Park  City of,37.4482866,-122.1743776,16066,297781990.5,18534.91787,Apr,15,16%,-2.21414213,-1.301998766Menlo Park  City of,37.4482866,-122.1743776,16066,427461335.8,26606.58134,Aug,14,16%,-2.21414213,-1.301998766Menlo Park  City of,37.4482866,-122.1743776,16066,178369622.8,11102.30442,Dec,14,16%,-2.21414213,-1.301998766Menlo Park  City of,37.4482866,-122.1743776,16066,308861605.3,19224.54907,Sep,14,16%,-2.21414213,-1.301998766Merced  City of,37.729482,-122.4932217,83400,2569159487,30805.26963,Aug,15,36%,-1.861994498,-1.285518196Merced  City of,37.729482,-122.4932217,83400,4124358373,49452.73828,Jul,14,36%,-1.861994498,-1.285518196Merced  City of,37.729482,-122.4932217,83400,3531297791,42341.70013,Sep,14,36%,-1.861994498,-1.285518196Merced  City of,37.729482,-122.4932217,83400,3914495102,46936.39211,Aug,14,36%,-1.861994498,-1.285518196Merced  City of,37.729482,-122.4932217,83400,2011492512,24118.61526,May,15,36%,-1.861994498,-1.285518196Merced  City of,37.729482,-122.4932217,83400,1782020805,21367.15593,Apr,15,36%,-1.861994498,-1.285518196Merced  City of,37.729482,-122.4932217,83400,2522750329,30248.80491,Jul,15,36%,-1.861994498,-1.285518196Merced  City of,37.729482,-122.4932217,83400,2351990370,28201.32338,Jun,15,36%,-1.861994498,-1.285518196Merced  City of,37.729482,-122.4932217,83400,1269438093,15221.08026,Jan,15,36%,-1.861994498,-1.285518196Merced  City of,37.729482,-122.4932217,83400,1326408552,15904.17928,Dec,14,36%,-1.861994498,-1.285518196Merced  City of,37.729482,-122.4932217,83400,1610503763,19310.59668,Mar,15,36%,-1.861994498,-1.285518196Merced  City of,37.729482,-122.4932217,83400,1212126948,14533.89625,Feb,15,36%,-1.861994498,-1.285518196Merced  City of,37.729482,-122.4932217,83400,2939637812,35247.45578,Oct,14,36%,-1.861994498,-1.285518196Merced  City of,37.729482,-122.4932217,83400,3748277637,44943.37695,Jun,14,36%,-1.861994498,-1.285518196Merced  City of,37.729482,-122.4932217,83400,1675726421,20092.64293,Nov,14,36%,-1.861994498,-1.285518196Mesa Water District,36.778261,-119.4179324,108000,1380264634,12780.2281,Feb,15,20%,-2.515306782,-2.230197237Mesa Water District,36.778261,-119.4179324,108000,1669639150,15459.62176,Aug,15,20%,-2.515306782,-2.230197237Mesa Water District,36.778261,-119.4179324,108000,1644599497,15227.77312,Jul,15,20%,-2.515306782,-2.230197237Mesa Water District,36.778261,-119.4179324,108000,1553568639,14384.89481,Jun,15,20%,-2.515306782,-2.230197237Mesa Water District,36.778261,-119.4179324,108000,1630414472,15096.43029,May,15,20%,-2.515306782,-2.230197237Mesa Water District,36.778261,-119.4179324,108000,1259383549,11660.95879,Dec,14,20%,-2.515306782,-2.230197237Mesa Water District,36.778261,-119.4179324,108000,1685057656,15602.3857,Nov,14,20%,-2.515306782,-2.230197237Mesa Water District,36.778261,-119.4179324,108000,1776951950,16453.2588,Mar,15,20%,-2.515306782,-2.230197237Mesa Water District,36.778261,-119.4179324,108000,1457603859,13496.33203,Jan,15,20%,-2.515306782,-2.230197237Mesa Water District,36.778261,-119.4179324,108000,2130714146,19728.83469,Aug,14,20%,-2.515306782,-2.230197237Mesa Water District,36.778261,-119.4179324,108000,2272071007,21037.69451,Jul,14,20%,-2.515306782,-2.230197237Mesa Water District,36.778261,-119.4179324,108000,1926326434,17836.35587,Oct,14,20%,-2.515306782,-2.230197237Mesa Water District,36.778261,-119.4179324,108000,1947665646,18033.94117,Sep,14,20%,-2.515306782,-2.230197237Mesa Water District,36.778261,-119.4179324,108000,1716018016,15889.0557,Apr,15,20%,-2.515306782,-2.230197237Mesa Water District,36.778261,-119.4179324,108000,2154026927,19944.69377,Jun,14,20%,-2.515306782,-2.230197237Mid-Peninsula Water District,36.778261,-119.4179324,26030,395641067.2,15199.42632,Jun,14,20%,-2.515306782,-2.230197237Mid-Peninsula Water District,36.778261,-119.4179324,26030,225901821.5,8678.517923,Feb,15,20%,-2.515306782,-2.230197237Mid-Peninsula Water District,36.778261,-119.4179324,26030,310478385.3,11927.71361,Oct,14,20%,-2.515306782,-2.230197237Mid-Peninsula Water District,36.778261,-119.4179324,26030,334919794.7,12866.68439,Sep,14,20%,-2.515306782,-2.230197237Mid-Peninsula Water District,36.778261,-119.4179324,26030,381313735,14649.01018,Jul,14,20%,-2.515306782,-2.230197237Mid-Peninsula Water District,36.778261,-119.4179324,26030,206231470.4,7922.837895,Dec,14,20%,-2.515306782,-2.230197237Mid-Peninsula Water District,36.778261,-119.4179324,26030,291532895.2,11199.88072,Mar,15,20%,-2.515306782,-2.230197237Mid-Peninsula Water District,36.778261,-119.4179324,26730,259055721.3,9691.572064,Apr,15,20%,-2.515306782,-2.230197237Mid-Peninsula Water District,36.778261,-119.4179324,26730,302493587.5,11316.63253,Aug,15,20%,-2.515306782,-2.230197237Mid-Peninsula Water District,36.778261,-119.4179324,26030,245405114.8,9427.780056,Nov,14,20%,-2.515306782,-2.230197237Mid-Peninsula Water District,36.778261,-119.4179324,26030,233201399.1,8958.947333,Jan,15,20%,-2.515306782,-2.230197237Mid-Peninsula Water District,36.778261,-119.4179324,26030,365046833.1,14024.08118,Aug,14,20%,-2.515306782,-2.230197237Mid-Peninsula Water District,36.778261,-119.4179324,26730,299115621.6,11190.25895,Jul,15,20%,-2.515306782,-2.230197237Mid-Peninsula Water District,36.778261,-119.4179324,26730,276936571.6,10360.51521,May,15,20%,-2.515306782,-2.230197237Mid-Peninsula Water District,36.778261,-119.4179324,26730,294086897.9,11002.12862,Jun,15,20%,-2.515306782,-2.230197237Milpitas  City of,37.4071625,-121.9265723,70817,774460260.7,10936.07835,Mar,15,12%,-1.983804514,-1.252839323Milpitas  City of,37.4071625,-121.9265723,70817,955046939.1,13486.12535,Jun,15,12%,-1.983804514,-1.252839323Milpitas  City of,37.4071625,-121.9265723,70817,899207152.9,12697.61714,Apr,15,12%,-1.983804514,-1.252839323Milpitas  City of,37.4071625,-121.9265723,70817,1239311403,17500.19633,Aug,14,12%,-1.983804514,-1.252839323Milpitas  City of,37.4071625,-121.9265723,70817,967709356,13664.93012,Aug,15,12%,-1.983804514,-1.252839323Milpitas  City of,37.4071625,-121.9265723,70817,1052215133,14858.228,Jul,15,12%,-1.983804514,-1.252839323Milpitas  City of,37.4071625,-121.9265723,70817,1002525340,14156.56325,Sep,14,12%,-1.983804514,-1.252839323Milpitas  City of,37.4071625,-121.9265723,70817,1267085475,17892.3913,Jul,14,12%,-1.983804514,-1.252839323Milpitas  City of,37.4071625,-121.9265723,70817,1087243478,15352.85987,Nov,14,12%,-1.983804514,-1.252839323Milpitas  City of,37.4071625,-121.9265723,70817,932992474.6,13174.69639,May,15,12%,-1.983804514,-1.252839323Milpitas  City of,37.4071625,-121.9265723,70817,792457202.1,11190.21142,Jan,15,12%,-1.983804514,-1.252839323Milpitas  City of,37.4071625,-121.9265723,70817,1002525340,14156.56325,Oct,14,12%,-1.983804514,-1.252839323Milpitas  City of,37.4071625,-121.9265723,70817,1146934088,16195.74521,Jun,14,12%,-1.983804514,-1.252839323Milpitas  City of,37.4071625,-121.9265723,70817,815712217.8,11518.59324,Feb,15,12%,-1.983804514,-1.252839323Milpitas  City of,37.4071625,-121.9265723,70817,824342595,11640.46197,Dec,14,12%,-1.983804514,-1.252839323Mission Springs Water District,36.778261,-119.4179324,34766,768458326.4,22103.73142,Apr,15,28%,-2.515306782,-2.230197237Mission Springs Water District,36.778261,-119.4179324,37600,812863622.9,21618.71338,Jul,15,28%,-2.515306782,-2.230197237Mission Springs Water District,36.778261,-119.4179324,34766,1059559715,30476.89452,Jul,14,28%,-2.515306782,-2.230197237Mission Springs Water District,36.778261,-119.4179324,34766,728986951.7,20968.38727,Dec,14,28%,-2.515306782,-2.230197237Mission Springs Water District,36.778261,-119.4179324,37600,870837204.5,23160.56395,Aug,15,28%,-2.515306782,-2.230197237Mission Springs Water District,36.778261,-119.4179324,37600,870837204.5,23160.56395,Jun,15,28%,-2.515306782,-2.230197237Mission Springs Water District,36.778261,-119.4179324,34766,988017848.2,28419.08325,Sep,14,28%,-2.515306782,-2.230197237Mission Springs Water District,36.778261,-119.4179324,37600,727753471.2,19355.14551,May,15,28%,-2.515306782,-2.230197237Mission Springs Water District,36.778261,-119.4179324,34766,620440671.2,17846.19085,Feb,15,28%,-2.515306782,-2.230197237Mission Springs Water District,36.778261,-119.4179324,34766,650044202.3,18697.69897,Jan,15,28%,-2.515306782,-2.230197237Mission Springs Water District,36.778261,-119.4179324,37600,901674216,23980.69724,Aug,14,28%,-2.515306782,-2.230197237Mission Springs Water District,36.778261,-119.4179324,34766,758590482.7,21819.89538,Mar,15,28%,-2.515306782,-2.230197237Mission Springs Water District,36.778261,-119.4179324,34766,883172009.1,25403.32535,Oct,14,28%,-2.515306782,-2.230197237Mission Springs Water District,36.778261,-119.4179324,34766,1002770275,28843.41812,Jun,14,28%,-2.515306782,-2.230197237Mission Springs Water District,36.778261,-119.4179324,34766,658678565.5,18946.0555,Nov,14,28%,-2.515306782,-2.230197237"Modesto, City of",37.6236296,-121.0808664,217269,7947017939,36576.86066,Jun,14,36%,-2.21332704,-1.492916013"Modesto, City of",37.6236296,-121.0808664,217269,8673081303,39918.63222,Jul,14,36%,-2.21332704,-1.492916013"Modesto, City of",37.6236296,-121.0808664,217269,5944700021,27361.0134,Oct,14,36%,-2.21332704,-1.492916013"Modesto, City of",37.6236296,-121.0808664,217269,3316318849,15263.65404,Dec,14,36%,-2.21332704,-1.492916013"Modesto, City of",37.6236296,-121.0808664,220916,5725433657,25916.79035,Jun,15,36%,-2.21332704,-1.492916013"Modesto, City of",37.6236296,-121.0808664,217269,6973252105,32095.01634,Sep,14,36%,-2.21332704,-1.492916013"Modesto, City of",37.6236296,-121.0808664,217269,3346830743,15404.08776,Jan,15,36%,-2.21332704,-1.492916013"Modesto, City of",37.6236296,-121.0808664,217269,3151139159,14503.39975,Feb,15,36%,-2.21332704,-1.492916013"Modesto, City of",37.6236296,-121.0808664,220916,4892868866,22148.09641,Apr,15,36%,-2.21332704,-1.492916013"Modesto, City of",37.6236296,-121.0808664,217269,3993895655,18382.26187,Nov,14,36%,-2.21332704,-1.492916013"Modesto, City of",37.6236296,-121.0808664,217269,8506674167,39152.72849,Aug,14,36%,-2.21332704,-1.492916013"Modesto, City of",37.6236296,-121.0808664,217269,4402755284,20264.07488,Mar,15,36%,-2.21332704,-1.492916013"Modesto, City of",37.6236296,-121.0808664,220916,5048893142,22854.35705,May,15,36%,-2.21332704,-1.492916013"Modesto, City of",37.6236296,-121.0808664,220916,6752824134,30567.38368,Aug,15,36%,-2.21332704,-1.492916013"Modesto, City of",37.6236296,-121.0808664,220916,6610071817,29921.19999,Jul,15,36%,-2.21332704,-1.492916013Monrovia  City of,34.1394896,-117.995031,37406,688403767.2,18403.5654,Jun,15,28%,-2.357646071,-1.9502814Monrovia  City of,34.1394896,-117.995031,38932,950138546.1,24405.07927,Jun,14,28%,-2.357646071,-1.9502814Monrovia  City of,34.1394896,-117.995031,37406,627871235.4,16785.30812,Mar,15,28%,-2.357646071,-1.9502814Monrovia  City of,34.1394896,-117.995031,37406,768529594.4,20545.62355,Jul,15,28%,-2.357646071,-1.9502814Monrovia  City of,34.1394896,-117.995031,38932,984207258.9,25280.16179,Jul,14,28%,-2.357646071,-1.9502814Monrovia  City of,34.1394896,-117.995031,37406,636448980.2,17014.62279,Apr,15,28%,-2.357646071,-1.9502814Monrovia  City of,34.1394896,-117.995031,39147,677588843.6,17308.83193,Nov,14,28%,-2.357646071,-1.9502814Monrovia  City of,34.1394896,-117.995031,37406,546568145,14611.77739,Feb,15,28%,-2.357646071,-1.9502814Monrovia  City of,34.1394896,-117.995031,37406,660172160.6,17648.83068,May,15,28%,-2.357646071,-1.9502814Monrovia  City of,34.1394896,-117.995031,39147,514816104.7,13150.84437,Dec,14,28%,-2.357646071,-1.9502814Monrovia  City of,34.1394896,-117.995031,39147,946353133.6,24174.34627,Aug,14,28%,-2.357646071,-1.9502814Monrovia  City of,34.1394896,-117.995031,39147,829005345,21176.72734,Oct,14,28%,-2.357646071,-1.9502814Monrovia  City of,34.1394896,-117.995031,37406,511254031.5,13667.70121,Jan,15,28%,-2.357646071,-1.9502814Monrovia  City of,34.1394896,-117.995031,39147,874430295.4,22337.09596,Sep,14,28%,-2.357646071,-1.9502814Monrovia  City of,34.1394896,-117.995031,39147,756993950.9,19337.21488,Aug,15,28%,-2.357646071,-1.9502814Monte Vista Water District,36.778261,-119.4179324,54460,1214854905,22307.28801,Aug,14,24%,-2.515306782,-2.230197237Monte Vista Water District,36.778261,-119.4179324,54460,832648649.5,15289.17829,Mar,15,24%,-2.515306782,-2.230197237Monte Vista Water District,36.778261,-119.4179324,54460,789538507.4,14497.58552,Nov,14,24%,-2.515306782,-2.230197237Monte Vista Water District,36.778261,-119.4179324,54460,1173027582,21539.2505,Sep,14,24%,-2.515306782,-2.230197237Monte Vista Water District,36.778261,-119.4179324,54460,936557043.4,17197.15467,Apr,15,24%,-2.515306782,-2.230197237Monte Vista Water District,36.778261,-119.4179324,54460,924098890.8,16968.39682,Jun,15,24%,-2.515306782,-2.230197237Monte Vista Water District,36.778261,-119.4179324,54460,852051297.1,15645.45166,May,15,24%,-2.515306782,-2.230197237Monte Vista Water District,36.778261,-119.4179324,54460,1083020513,19886.53164,Oct,14,24%,-2.515306782,-2.230197237Monte Vista Water District,36.778261,-119.4179324,54460,706549942.1,12973.74113,Jan,15,24%,-2.515306782,-2.230197237Monte Vista Water District,36.778261,-119.4179324,56039,898664523.7,16036.41256,Jul,15,24%,-2.515306782,-2.230197237Monte Vista Water District,36.778261,-119.4179324,54460,699605447.1,12846.22562,Dec,14,24%,-2.515306782,-2.230197237Monte Vista Water District,36.778261,-119.4179324,54460,1317801184,24197.59794,Jul,14,24%,-2.515306782,-2.230197237Monte Vista Water District,36.778261,-119.4179324,54460,1239647862,22762.53878,Jun,14,24%,-2.515306782,-2.230197237Monte Vista Water District,36.778261,-119.4179324,54460,707623070.1,12993.44602,Feb,15,24%,-2.515306782,-2.230197237Monte Vista Water District,36.778261,-119.4179324,56039,981850445.9,17520.84166,Aug,15,24%,-2.515306782,-2.230197237Montebello Land and Water Company,36.778261,-119.4179324,32219,350431798.6,10876.55727,Oct,14,16%,-2.515306782,-2.230197237Montebello Land and Water Company,36.778261,-119.4179324,32219,341550739.3,10600.91062,Aug,15,16%,-2.515306782,-2.230197237Montebello Land and Water Company,36.778261,-119.4179324,32219,381059118.4,11827.15536,Jun,14,16%,-2.515306782,-2.230197237Montebello Land and Water Company,36.778261,-119.4179324,32219,334976288.4,10396.85553,Jul,15,16%,-2.515306782,-2.230197237Montebello Land and Water Company,36.778261,-119.4179324,32219,272833542.9,8468.094692,Dec,14,16%,-2.515306782,-2.230197237Montebello Land and Water Company,36.778261,-119.4179324,32219,286907554.9,8904.918058,Jan,15,16%,-2.515306782,-2.230197237Montebello Land and Water Company,36.778261,-119.4179324,32219,359115501,11146.07843,Sep,14,16%,-2.515306782,-2.230197237Montebello Land and Water Company,36.778261,-119.4179324,32219,271378035.9,8422.919269,Feb,15,16%,-2.515306782,-2.230197237Montebello Land and Water Company,36.778261,-119.4179324,32219,386844141.8,12006.70852,Jul,14,16%,-2.515306782,-2.230197237Montebello Land and Water Company,36.778261,-119.4179324,32219,304422977.5,9448.554501,Nov,14,16%,-2.515306782,-2.230197237Montebello Land and Water Company,36.778261,-119.4179324,32219,382773656.3,11880.37047,Aug,14,16%,-2.515306782,-2.230197237Montebello Land and Water Company,36.778261,-119.4179324,32219,316745447.2,9831.014223,Jun,15,16%,-2.515306782,-2.230197237Montebello Land and Water Company,36.778261,-119.4179324,32219,300142800.3,9315.708131,May,15,16%,-2.515306782,-2.230197237Montebello Land and Water Company,36.778261,-119.4179324,32219,318941042.5,9899.160199,Mar,15,16%,-2.515306782,-2.230197237Montebello Land and Water Company,36.778261,-119.4179324,32219,306902273.2,9525.505856,Apr,15,16%,-2.515306782,-2.230197237Montecito Water District,34.4391337,-119.6327402,13500,519295273.5,38466.31656,Aug,15,32%,-2.255918378,-1.790479148Montecito Water District,34.4391337,-119.6327402,13500,488458262,36182.09348,Jul,15,32%,-2.255918378,-1.790479148Montecito Water District,34.4391337,-119.6327402,13500,386079383.9,28598.47288,Jun,15,32%,-2.255918378,-1.790479148Montecito Water District,34.4391337,-119.6327402,13500,435418602.3,32253.2298,May,15,32%,-2.255918378,-1.790479148Montecito Water District,34.4391337,-119.6327402,13500,386079383.9,28598.47288,Apr,15,32%,-2.255918378,-1.790479148Montecito Water District,34.4391337,-119.6327402,13500,344141048.3,25491.9295,Mar,15,32%,-2.255918378,-1.790479148Montecito Water District,34.4391337,-119.6327402,13500,234361287.3,17360.09536,Feb,15,32%,-2.255918378,-1.790479148Montecito Water District,34.4391337,-119.6327402,13500,233127806.9,17268.72644,Jan,15,32%,-2.255918378,-1.790479148Montecito Water District,34.4391337,-119.6327402,13500,180088147.1,13339.86275,Dec,14,32%,-2.255918378,-1.790479148Montecito Water District,34.4391337,-119.6327402,13500,334273204.6,24760.97812,Nov,14,32%,-2.255918378,-1.790479148Montecito Water District,34.4391337,-119.6327402,13500,444052965.5,32892.81226,Oct,14,32%,-2.255918378,-1.790479148Montecito Water District,34.4391337,-119.6327402,13500,484757820.7,35907.98672,Sep,14,32%,-2.255918378,-1.790479148Montecito Water District,34.4391337,-119.6327402,13500,465022133.3,34446.08395,Aug,14,32%,-2.255918378,-1.790479148Montecito Water District,34.4391337,-119.6327402,13500,485991301.1,35999.35564,Jul,14,32%,-2.255918378,-1.790479148Montecito Water District,34.4391337,-119.6327402,13500,466255613.8,34537.45287,Jun,14,32%,-2.255918378,-1.790479148Monterey Park  City of,36.5969047,-121.8815953,62183,953923958.6,15340.59081,Oct,14,20%,-2.212829272,-1.642701877Monterey Park  City of,36.5969047,-121.8815953,62183,1003891404,16144.14557,Jun,14,20%,-2.212829272,-1.642701877Monterey Park  City of,36.5969047,-121.8815953,62183,873786775.3,14051.85944,Jul,15,20%,-2.212829272,-1.642701877Monterey Park  City of,36.5969047,-121.8815953,62183,825901306.7,13281.78613,Jun,15,20%,-2.212829272,-1.642701877Monterey Park  City of,36.5969047,-121.8815953,62183,810608240.1,13035.84967,May,15,20%,-2.212829272,-1.642701877Monterey Park  City of,36.5969047,-121.8815953,62183,820374604.4,13192.9081,Apr,15,20%,-2.212829272,-1.642701877Monterey Park  City of,36.5969047,-121.8815953,62183,851187862.5,13688.43353,Mar,15,20%,-2.212829272,-1.642701877Monterey Park  City of,36.5969047,-121.8815953,62183,731795951.1,11768.42467,Feb,15,20%,-2.212829272,-1.642701877Monterey Park  City of,36.5969047,-121.8815953,62183,782558333.2,12584.76325,Jan,15,20%,-2.212829272,-1.642701877Monterey Park  City of,36.5969047,-121.8815953,62183,737511924,11860.34646,Dec,14,20%,-2.212829272,-1.642701877Monterey Park  City of,36.5969047,-121.8815953,62183,828929636.8,13330.48642,Nov,14,20%,-2.212829272,-1.642701877Monterey Park  City of,36.5969047,-121.8815953,62183,966037278.7,15535.39197,Sep,14,20%,-2.212829272,-1.642701877Monterey Park  City of,36.5969047,-121.8815953,62183,988371212.7,15894.55659,Aug,14,20%,-2.212829272,-1.642701877Monterey Park  City of,36.5969047,-121.8815953,62183,1051739019,16913.61013,Jul,14,20%,-2.212829272,-1.642701877Monterey Park  City of,36.5969047,-121.8815953,62183,889950486.8,14311.79722,Aug,15,20%,-2.212829272,-1.642701877Morgan Hill  City of,37.130501,-121.65439,40807,410535560.2,10060.42003,Dec,14,28%,-1.980828106,-1.531674532Morgan Hill  City of,37.130501,-121.65439,41779,790980876.1,18932.49901,Aug,15,28%,-1.980828106,-1.531674532Morgan Hill  City of,37.130501,-121.65439,41779,796325878.6,19060.43416,Jul,15,28%,-1.980828106,-1.531674532Morgan Hill  City of,37.130501,-121.65439,41779,727972684.5,17424.36833,May,15,28%,-1.980828106,-1.531674532Morgan Hill  City of,37.130501,-121.65439,41779,562591796.3,13465.89905,Apr,15,28%,-1.980828106,-1.531674532Morgan Hill  City of,37.130501,-121.65439,40807,437514195.3,10721.54766,Feb,15,28%,-1.980828106,-1.531674532Morgan Hill  City of,37.130501,-121.65439,41779,732409188,17530.55813,Jun,15,28%,-1.980828106,-1.531674532Morgan Hill  City of,37.130501,-121.65439,40807,479176445.6,11742.50608,Nov,14,28%,-1.980828106,-1.531674532Morgan Hill  City of,37.130501,-121.65439,40807,837242402.7,20517.12703,Oct,14,28%,-1.980828106,-1.531674532Morgan Hill  City of,37.130501,-121.65439,40807,1018696153,24963.75996,Sep,14,28%,-1.980828106,-1.531674532Morgan Hill  City of,37.130501,-121.65439,40807,428845600.6,10509.11855,Jan,15,28%,-1.980828106,-1.531674532Morgan Hill  City of,37.130501,-121.65439,40807,1049176294,25710.6941,Aug,14,28%,-1.980828106,-1.531674532Morgan Hill  City of,37.130501,-121.65439,40807,1137940433,27885.91253,Jul,14,28%,-1.980828106,-1.531674532Morgan Hill  City of,37.130501,-121.65439,40807,961956604,23573.3233,Jun,14,28%,-1.980828106,-1.531674532Morro Bay  City of,35.3300201,-120.8409245,10234,123324973.9,12050.51533,Aug,15,12%,-2.815716425,-2.095104494Morro Bay  City of,35.3300201,-120.8409245,10234,102441239,10009.89242,Nov,14,12%,-2.815716425,-2.095104494Morro Bay  City of,35.3300201,-120.8409245,10234,122340687.1,11954.33722,Jul,15,12%,-2.815716425,-2.095104494Morro Bay  City of,35.3300201,-120.8409245,10234,113157980.4,11057.06277,May,15,12%,-2.815716425,-2.095104494Morro Bay  City of,35.3300201,-120.8409245,10234,111149478.4,10860.805,Apr,15,12%,-2.815716425,-2.095104494Morro Bay  City of,35.3300201,-120.8409245,10234,130764808.5,12777.48764,Jun,14,12%,-2.815716425,-2.095104494Morro Bay  City of,35.3300201,-120.8409245,10234,124180121.3,12134.07478,Sep,14,12%,-2.815716425,-2.095104494Morro Bay  City of,35.3300201,-120.8409245,10461,135122556.5,12916.79156,Aug,14,12%,-2.815716425,-2.095104494Morro Bay  City of,35.3300201,-120.8409245,10608,142426926.4,13426.36938,Jul,14,12%,-2.815716425,-2.095104494Morro Bay  City of,35.3300201,-120.8409245,10234,99805289.74,9752.324578,Dec,14,12%,-2.815716425,-2.095104494Morro Bay  City of,35.3300201,-120.8409245,10234,113160634,11057.32206,Mar,15,12%,-2.815716425,-2.095104494Morro Bay  City of,35.3300201,-120.8409245,10234,94651942.67,9248.77298,Feb,15,12%,-2.815716425,-2.095104494Morro Bay  City of,35.3300201,-120.8409245,10234,121850941.8,11906.48249,Jun,15,12%,-2.815716425,-2.095104494Morro Bay  City of,35.3300201,-120.8409245,10234,123205551.7,12038.84617,Oct,14,12%,-2.815716425,-2.095104494Morro Bay  City of,35.3300201,-120.8409245,10234,111998705.4,10943.78595,Jan,15,12%,-2.815716425,-2.095104494Moulton Niguel Water District,36.778261,-119.4179324,172068,2899172472,16848.99268,Aug,15,20%,-2.515306782,-2.230197237Moulton Niguel Water District,36.778261,-119.4179324,172068,1840476194,10696.21425,Dec,14,20%,-2.515306782,-2.230197237Moulton Niguel Water District,36.778261,-119.4179324,172068,2042643641,11871.14188,Jan,15,20%,-2.515306782,-2.230197237Moulton Niguel Water District,36.778261,-119.4179324,172068,2096226032,12182.5443,Feb,15,20%,-2.515306782,-2.230197237Moulton Niguel Water District,36.778261,-119.4179324,172068,2735193580,15896.00379,Jul,15,20%,-2.515306782,-2.230197237Moulton Niguel Water District,36.778261,-119.4179324,169212,3590587609,21219.46203,Aug,14,20%,-2.515306782,-2.230197237Moulton Niguel Water District,36.778261,-119.4179324,172068,2573151252,14954.26955,Mar,15,20%,-2.515306782,-2.230197237Moulton Niguel Water District,36.778261,-119.4179324,169212,3630984094,21458.19501,Jul,14,20%,-2.515306782,-2.230197237Moulton Niguel Water District,36.778261,-119.4179324,172068,2785716940,16189.62817,Apr,15,20%,-2.515306782,-2.230197237Moulton Niguel Water District,36.778261,-119.4179324,172068,3213993690,18678.62525,Oct,14,20%,-2.515306782,-2.230197237Moulton Niguel Water District,36.778261,-119.4179324,172068,3438943522,19985.95626,Sep,14,20%,-2.515306782,-2.230197237Moulton Niguel Water District,36.778261,-119.4179324,172068,2646827040,15382.44787,Nov,14,20%,-2.515306782,-2.230197237Moulton Niguel Water District,36.778261,-119.4179324,168930,3482830756,20617.0056,Jun,14,20%,-2.515306782,-2.230197237Moulton Niguel Water District,36.778261,-119.4179324,172068,2713903707,15772.27438,Jun,15,20%,-2.515306782,-2.230197237Moulton Niguel Water District,36.778261,-119.4179324,172068,2429130074,14117.26802,May,15,20%,-2.515306782,-2.230197237Mountain View  City of,37.3793234,-122.0707842,75077,765991365.5,10202.74339,Nov,14,16%,-2.092300394,-1.152060148Mountain View  City of,37.3793234,-122.0707842,76781,1443172138,18795.95392,Jun,14,16%,-2.092300394,-1.152060148Mountain View  City of,37.3793234,-122.0707842,76781,1391365959,18121.22737,Aug,14,16%,-2.092300394,-1.152060148Mountain View  City of,37.3793234,-122.0707842,76781,1444405618,18812.01884,Jul,14,16%,-2.092300394,-1.152060148Mountain View  City of,37.3793234,-122.0707842,76210,1026255742,13466.15592,Jun,15,16%,-2.092300394,-1.152060148Mountain View  City of,37.3793234,-122.0707842,75077,1161938593,15476.62524,Oct,14,16%,-2.092300394,-1.152060148Mountain View  City of,37.3793234,-122.0707842,75077,1147136828,15279.47078,Sep,14,16%,-2.092300394,-1.152060148Mountain View  City of,37.3793234,-122.0707842,75077,932511227.5,12420.73108,Mar,15,16%,-2.092300394,-1.152060148Mountain View  City of,37.3793234,-122.0707842,75077,741321756.3,9874.15262,Feb,15,16%,-2.092300394,-1.152060148Mountain View  City of,37.3793234,-122.0707842,76210,1031189664,13530.89705,May,15,16%,-2.092300394,-1.152060148Mountain View  City of,37.3793234,-122.0707842,76210,928810786.2,12187.51852,Apr,15,16%,-2.092300394,-1.152060148Mountain View  City of,37.3793234,-122.0707842,76210,1163172073,15262.72239,Jul,15,16%,-2.092300394,-1.152060148Mountain View  City of,37.3793234,-122.0707842,75077,793127935.6,10564.19324,Jan,15,16%,-2.092300394,-1.152060148Mountain View  City of,37.3793234,-122.0707842,75077,693216018.4,9233.40062,Dec,14,16%,-2.092300394,-1.152060148Mountain View  City of,37.3793234,-122.0707842,76210,986784367.8,12948.22684,Aug,15,16%,-2.092300394,-1.152060148Myoma Dunes Mutual Water Company,36.778261,-119.4179324,8948,387626243.5,43319.87522,Aug,15,36%,-2.515306782,-2.230197237Myoma Dunes Mutual Water Company,36.778261,-119.4179324,8948,383462289.7,42854.525,Jul,15,36%,-2.515306782,-2.230197237Myoma Dunes Mutual Water Company,36.778261,-119.4179324,9233,394818527.3,42761.67306,Jun,15,36%,-2.515306782,-2.230197237Myoma Dunes Mutual Water Company,36.778261,-119.4179324,9233,433051193.9,46902.54456,May,15,36%,-2.515306782,-2.230197237Myoma Dunes Mutual Water Company,36.778261,-119.4179324,8948,429265781.4,47973.37745,Apr,15,36%,-2.515306782,-2.230197237Myoma Dunes Mutual Water Company,36.778261,-119.4179324,8948,284284481.3,31770.7288,Mar,15,36%,-2.515306782,-2.230197237Myoma Dunes Mutual Water Company,36.778261,-119.4179324,8948,284284481.3,31770.7288,Feb,15,36%,-2.515306782,-2.230197237Myoma Dunes Mutual Water Company,36.778261,-119.4179324,8948,299426131.5,33462.91143,Jan,15,36%,-2.515306782,-2.230197237Myoma Dunes Mutual Water Company,36.778261,-119.4179324,6159,274063867.5,44498.1113,Dec,14,36%,-2.515306782,-2.230197237Myoma Dunes Mutual Water Company,36.778261,-119.4179324,6159,399853126,64921.761,Nov,14,36%,-2.515306782,-2.230197237Myoma Dunes Mutual Water Company,36.778261,-119.4179324,6159,433074989.4,70315.7963,Oct,14,36%,-2.515306782,-2.230197237Myoma Dunes Mutual Water Company,36.778261,-119.4179324,6159,452356797.8,73446.46823,Sep,14,36%,-2.515306782,-2.230197237Myoma Dunes Mutual Water Company,36.778261,-119.4179324,6159,548884817.5,89119.14555,Aug,14,36%,-2.515306782,-2.230197237Napa  City of,38.3077443,-122.3026035,86051,1567753664,18218.88955,Aug,15,20%,-1.836368649,-1.203644617Napa  City of,38.3077443,-122.3026035,85679,1303788846,15217.13426,May,15,20%,-1.836368649,-1.203644617Napa  City of,38.3077443,-122.3026035,85679,1873656818,21868.33201,Jun,14,20%,-1.836368649,-1.203644617Napa  City of,38.3077443,-122.3026035,85679,1084229324,12654.55157,Apr,15,20%,-1.836368649,-1.203644617Napa  City of,38.3077443,-122.3026035,85679,822731466.6,9602.486801,Dec,14,20%,-1.836368649,-1.203644617Napa  City of,38.3077443,-122.3026035,86051,1499912239,17430.50329,Jul,15,20%,-1.836368649,-1.203644617Napa  City of,38.3077443,-122.3026035,85679,798061857.4,9314.556162,Feb,15,20%,-1.836368649,-1.203644617Napa  City of,38.3077443,-122.3026035,85679,853568478.1,9962.400099,Jan,15,20%,-1.836368649,-1.203644617Napa  City of,38.3077443,-122.3026035,85679,1910661232,22300.22797,Jul,14,20%,-1.836368649,-1.203644617Napa  City of,38.3077443,-122.3026035,85679,1073128000,12524.98278,Mar,15,20%,-1.836368649,-1.203644617Napa  City of,38.3077443,-122.3026035,85679,1610925480,18801.87071,Sep,14,20%,-1.836368649,-1.203644617Napa  City of,38.3077443,-122.3026035,85679,1894625986,22113.07305,Aug,14,20%,-1.836368649,-1.203644617Napa  City of,38.3077443,-122.3026035,86051,1393832919,16197.75388,Jun,15,20%,-1.836368649,-1.203644617Napa  City of,38.3077443,-122.3026035,85679,1488810915,17376.61405,Oct,14,20%,-1.836368649,-1.203644617Napa  City of,38.3077443,-122.3026035,85679,1039824028,12136.27642,Nov,14,20%,-1.836368649,-1.203644617Nevada Irrigation District,36.778261,-119.4179324,44761,1603879291,35832.07012,Jul,14,36%,-2.515306782,-2.230197237Nevada Irrigation District,36.778261,-119.4179324,44761,1435227806,32064.24803,Jun,14,36%,-2.515306782,-2.230197237Nevada Irrigation District,36.778261,-119.4179324,44761,1473282558,32914.42457,Aug,14,36%,-2.515306782,-2.230197237Nevada Irrigation District,36.778261,-119.4179324,44761,1260390957,28158.23948,Sep,14,36%,-2.515306782,-2.230197237Nevada Irrigation District,36.778261,-119.4179324,44761,962895386.3,21511.92749,Oct,14,36%,-2.515306782,-2.230197237Nevada Irrigation District,36.778261,-119.4179324,44761,473555108,10579.63647,Feb,15,36%,-2.515306782,-2.230197237Nevada Irrigation District,36.778261,-119.4179324,44761,501264327.8,11198.68474,Dec,14,36%,-2.515306782,-2.230197237Nevada Irrigation District,36.778261,-119.4179324,44761,611722665.5,13666.42089,Nov,14,36%,-2.515306782,-2.230197237Nevada Irrigation District,36.778261,-119.4179324,44761,668958103.1,14945.11077,Apr,15,36%,-2.515306782,-2.230197237Nevada Irrigation District,36.778261,-119.4179324,44761,1034856079,23119.59247,Jun,15,36%,-2.515306782,-2.230197237Nevada Irrigation District,36.778261,-119.4179324,44761,1109504414,24787.30175,Aug,15,36%,-2.515306782,-2.230197237Nevada Irrigation District,36.778261,-119.4179324,44761,1195698257,26712.94782,Jul,15,36%,-2.515306782,-2.230197237Nevada Irrigation District,36.778261,-119.4179324,44761,866026679.6,19347.79562,May,15,36%,-2.515306782,-2.230197237Nevada Irrigation District,36.778261,-119.4179324,44761,639356177,14283.77778,Mar,15,36%,-2.515306782,-2.230197237Nevada Irrigation District,36.778261,-119.4179324,44761,535635873.6,11966.57522,Jan,15,36%,-2.515306782,-2.230197237Newhall County Water District,36.778261,-119.4179324,45036,840123541.1,18654.48843,May,15,28%,-2.515306782,-2.230197237Newhall County Water District,36.778261,-119.4179324,45036,971057491.9,21561.80593,Jul,15,28%,-2.515306782,-2.230197237Newhall County Water District,36.778261,-119.4179324,45036,886255710.3,19678.82828,Apr,15,28%,-2.515306782,-2.230197237Newhall County Water District,36.778261,-119.4179324,45036,771702380,17135.23359,Mar,15,28%,-2.515306782,-2.230197237Newhall County Water District,36.778261,-119.4179324,45036,1044449579,23191.4375,Aug,15,28%,-2.515306782,-2.230197237Newhall County Water District,36.778261,-119.4179324,45036,974178197.5,21631.09951,Jun,15,28%,-2.515306782,-2.230197237Newhall County Water District,36.778261,-119.4179324,45036,1394881378,30972.58588,Jul,14,28%,-2.515306782,-2.230197237Newhall County Water District,36.778261,-119.4179324,45036,462271471.9,10264.48778,Dec,14,28%,-2.515306782,-2.230197237Newhall County Water District,36.778261,-119.4179324,45036,1289295451,28628.10753,Aug,14,28%,-2.515306782,-2.230197237Newhall County Water District,36.778261,-119.4179324,45036,621082081.1,13790.79139,Feb,15,28%,-2.515306782,-2.230197237Newhall County Water District,36.778261,-119.4179324,45036,1329889292,29529.47181,Jun,14,28%,-2.515306782,-2.230197237Newhall County Water District,36.778261,-119.4179324,45036,832784332.4,18491.52528,Nov,14,28%,-2.515306782,-2.230197237Newhall County Water District,36.778261,-119.4179324,45036,1077543860,23926.27809,Oct,14,28%,-2.515306782,-2.230197237Newhall County Water District,36.778261,-119.4179324,45036,643112042.1,14279.95475,Jan,15,28%,-2.515306782,-2.230197237Newhall County Water District,36.778261,-119.4179324,45036,1166995863,25912.51139,Sep,14,28%,-2.515306782,-2.230197237Newport Beach  City of,33.6163598,-117.9027701,66219,1566853224,23661.68658,Jun,15,28%,-2.545088949,-1.949887784Newport Beach  City of,33.6163598,-117.9027701,65551,2062379329,31462.21001,Aug,14,28%,-2.545088949,-1.949887784Newport Beach  City of,33.6163598,-117.9027701,66219,1686846203,25473.74927,Aug,15,28%,-2.545088949,-1.949887784Newport Beach  City of,33.6163598,-117.9027701,65551,1454594167,22190.26662,May,15,28%,-2.545088949,-1.949887784Newport Beach  City of,33.6163598,-117.9027701,65551,2125286832,32421.88269,Jul,14,28%,-2.545088949,-1.949887784Newport Beach  City of,33.6163598,-117.9027701,65551,1453039982,22166.55706,Nov,14,28%,-2.545088949,-1.949887784Newport Beach  City of,33.6163598,-117.9027701,66219,1539383614,23246.85685,Jul,15,28%,-2.545088949,-1.949887784Newport Beach  City of,33.6163598,-117.9027701,65551,1834185444,27981.04443,Sep,14,28%,-2.545088949,-1.949887784Newport Beach  City of,33.6163598,-117.9027701,65551,1038590547,15844.00767,Dec,14,28%,-2.545088949,-1.949887784Newport Beach  City of,33.6163598,-117.9027701,65551,1610925480,24575.1473,Apr,15,28%,-2.545088949,-1.949887784Newport Beach  City of,33.6163598,-117.9027701,65551,2091982860,31913.82068,Jun,14,28%,-2.545088949,-1.949887784Newport Beach  City of,33.6163598,-117.9027701,65551,1703436515,25986.43064,Oct,14,28%,-2.545088949,-1.949887784Newport Beach  City of,33.6163598,-117.9027701,65551,1054625793,16088.63012,Jan,15,28%,-2.545088949,-1.949887784Newport Beach  City of,33.6163598,-117.9027701,65551,1111365894,16954.21724,Mar,15,28%,-2.545088949,-1.949887784Newport Beach  City of,33.6163598,-117.9027701,65551,1200176487,18309.04925,Feb,15,28%,-2.545088949,-1.949887784Nipomo Community Services District,36.778261,-119.4179324,12148,248793008.7,20480.16206,Oct,14,28%,-2.515306782,-2.230197237Nipomo Community Services District,36.778261,-119.4179324,12148,177991230.3,14651.89581,Nov,14,28%,-2.515306782,-2.230197237Nipomo Community Services District,36.778261,-119.4179324,12148,257180675.8,21170.61869,Sep,14,28%,-2.515306782,-2.230197237Nipomo Community Services District,36.778261,-119.4179324,12512,226467012.4,18099.98501,Jun,15,28%,-2.515306782,-2.230197237Nipomo Community Services District,36.778261,-119.4179324,12148,166273166,13687.28729,Feb,15,28%,-2.515306782,-2.230197237Nipomo Community Services District,36.778261,-119.4179324,12150,130255536.5,10720.62029,Dec,14,28%,-2.515306782,-2.230197237Nipomo Community Services District,36.778261,-119.4179324,12148,156652018.4,12895.29292,Jan,15,28%,-2.515306782,-2.230197237Nipomo Community Services District,36.778261,-119.4179324,12512,223136615.2,17833.80876,Aug,15,28%,-2.515306782,-2.230197237Nipomo Community Services District,36.778261,-119.4179324,12512,222026482.7,17745.08334,Apr,15,28%,-2.515306782,-2.230197237Nipomo Community Services District,36.778261,-119.4179324,12148,274326054.2,22581.99327,Aug,14,28%,-2.515306782,-2.230197237Nipomo Community Services District,36.778261,-119.4179324,12148,302819452.9,24927.51505,Jul,14,28%,-2.515306782,-2.230197237Nipomo Community Services District,36.778261,-119.4179324,12512,217181385.6,17357.84732,Mar,15,28%,-2.515306782,-2.230197237Nipomo Community Services District,36.778261,-119.4179324,12512,219066129.6,17508.48223,Jul,15,28%,-2.515306782,-2.230197237Nipomo Community Services District,36.778261,-119.4179324,12148,280740152.6,23109.98951,Jun,14,28%,-2.515306782,-2.230197237Nipomo Community Services District,36.778261,-119.4179324,12512,225973620.2,18060.55149,May,15,28%,-2.515306782,-2.230197237Norco  City of,33.9431934,-117.5280998,25891,814837191.7,31471.83159,Aug,15,36%,-2.290856716,-1.590632895Norco  City of,33.9431934,-117.5280998,25891,772652160,29842.49971,Jul,15,36%,-2.290856716,-1.590632895Norco  City of,33.9431934,-117.5280998,25891,793991371.9,30666.69391,Jun,15,36%,-2.290856716,-1.590632895Norco  City of,33.9431934,-117.5280998,25891,666942884.6,25759.64175,May,15,36%,-2.290856716,-1.590632895Norco  City of,33.9431934,-117.5280998,27160,739224839.5,27217.40941,Apr,15,36%,-2.290856716,-1.590632895Norco  City of,33.9431934,-117.5280998,27160,726519990.8,26749.63147,Mar,15,36%,-2.290856716,-1.590632895Norco  City of,33.9431934,-117.5280998,25891,504863552.2,19499.57716,Feb,15,36%,-2.290856716,-1.590632895Norco  City of,33.9431934,-117.5280998,25891,523859151.2,20233.25292,Jan,15,36%,-2.290856716,-1.590632895Norco  City of,33.9431934,-117.5280998,27160,444669705.7,16372.22775,Dec,14,36%,-2.290856716,-1.590632895Norco  City of,33.9431934,-117.5280998,27160,1110638141,40892.4205,Sep,14,36%,-2.290856716,-1.590632895Norco  City of,33.9431934,-117.5280998,27160,1062520068,39120.76834,Aug,14,36%,-2.290856716,-1.590632895Norco  City of,33.9431934,-117.5280998,27160,717515583.4,26418.09954,Nov,14,36%,-2.290856716,-1.590632895Norco  City of,33.9431934,-117.5280998,27160,905991397.7,33357.56251,Oct,14,36%,-2.290856716,-1.590632895Norco  City of,33.9431934,-117.5280998,27160,1126735061,41485.0906,Jul,14,36%,-2.290856716,-1.590632895Norco  City of,33.9431934,-117.5280998,27160,1095083952,40319.73314,Jun,14,36%,-2.290856716,-1.590632895North Coast County Water District,36.778261,-119.4179324,39000,290870326.9,7458.21351,Aug,15,8%,-2.515306782,-2.230197237North Coast County Water District,36.778261,-119.4179324,39000,210764683.6,5404.222657,Mar,15,8%,-2.515306782,-2.230197237North Coast County Water District,36.778261,-119.4179324,39000,294135033.2,7541.923929,Jul,15,8%,-2.515306782,-2.230197237North Coast County Water District,36.778261,-119.4179324,39000,274484502.5,7038.064167,Apr,15,8%,-2.515306782,-2.230197237North Coast County Water District,36.778261,-119.4179324,39000,323752403.7,8301.343686,Sep,14,8%,-2.515306782,-2.230197237North Coast County Water District,36.778261,-119.4179324,39000,266134442.7,6823.96007,Feb,15,8%,-2.515306782,-2.230197237North Coast County Water District,36.778261,-119.4179324,39000,223950925.9,5742.331434,May,15,8%,-2.515306782,-2.230197237North Coast County Water District,36.778261,-119.4179324,39000,296785306.5,7609.879655,Oct,14,8%,-2.515306782,-2.230197237North Coast County Water District,36.778261,-119.4179324,39000,269645488.5,6913.986886,Dec,14,8%,-2.515306782,-2.230197237North Coast County Water District,36.778261,-119.4179324,39000,363523492.3,9321.115186,Aug,14,8%,-2.515306782,-2.230197237North Coast County Water District,36.778261,-119.4179324,39000,202655300.3,5196.289752,Jan,15,8%,-2.515306782,-2.230197237North Coast County Water District,36.778261,-119.4179324,39000,386444392.3,9908.830572,Jun,14,8%,-2.515306782,-2.230197237North Coast County Water District,36.778261,-119.4179324,39000,231884756.9,5945.762997,Nov,14,8%,-2.515306782,-2.230197237North Coast County Water District,36.778261,-119.4179324,39000,295471495.8,7576.192201,Jun,15,8%,-2.515306782,-2.230197237North Coast County Water District,36.778261,-119.4179324,39000,359247944.5,9211.485757,Jul,14,8%,-2.515306782,-2.230197237North Marin Water District,36.778261,-119.4179324,61307,601161364.6,9805.754067,Dec,14,24%,-2.515306782,-2.230197237North Marin Water District,36.778261,-119.4179324,61299,859288645.3,14017.98798,Jul,15,24%,-2.515306782,-2.230197237North Marin Water District,36.778261,-119.4179324,61299,666232606,10868.57218,May,15,24%,-2.515306782,-2.230197237North Marin Water District,36.778261,-119.4179324,61299,889571945.6,14512.01399,Aug,15,24%,-2.515306782,-2.230197237North Marin Water District,36.778261,-119.4179324,61299,757082506.9,12350.6502,Apr,15,24%,-2.515306782,-2.230197237North Marin Water District,36.778261,-119.4179324,61299,957709371.2,15623.57251,Jun,15,24%,-2.515306782,-2.230197237North Marin Water District,36.778261,-119.4179324,61294,518601517.2,8460.885522,Feb,15,24%,-2.515306782,-2.230197237North Marin Water District,36.778261,-119.4179324,61299,492103629.5,8027.922633,Jan,15,24%,-2.515306782,-2.230197237North Marin Water District,36.778261,-119.4179324,61263,1135623760,18536.86173,Aug,14,24%,-2.515306782,-2.230197237North Marin Water District,36.778261,-119.4179324,61309,526172342.3,8582.30182,Nov,14,24%,-2.515306782,-2.230197237North Marin Water District,36.778261,-119.4179324,61312,844146995.1,13768.05511,Oct,14,24%,-2.515306782,-2.230197237North Marin Water District,36.778261,-119.4179324,61309,1044773859,17041.11728,Sep,14,24%,-2.515306782,-2.230197237North Marin Water District,36.778261,-119.4179324,61976,1192404948,19239.78553,Jul,14,24%,-2.515306782,-2.230197237North Marin Water District,36.778261,-119.4179324,61294,738155444.2,12042.86625,Mar,15,24%,-2.515306782,-2.230197237North Marin Water District,36.778261,-119.4179324,61940,1165907061,18823.16856,Jun,14,24%,-2.515306782,-2.230197237North Tahoe Public Utility District,39.1665475,-120.1482949,7500,131857274.8,17580.96997,Jun,15,28%,-1.990887431,-1.608236771North Tahoe Public Utility District,39.1665475,-120.1482949,7500,98583498.63,13144.46648,May,15,28%,-1.990887431,-1.608236771North Tahoe Public Utility District,39.1665475,-120.1482949,7500,160221370.9,21362.84946,Jul,15,28%,-1.990887431,-1.608236771North Tahoe Public Utility District,39.1665475,-120.1482949,7500,168666626.3,22488.88351,Sep,14,28%,-1.990887431,-1.608236771North Tahoe Public Utility District,39.1665475,-120.1482949,7500,97531153.95,13004.15386,Jan,15,28%,-1.990887431,-1.608236771North Tahoe Public Utility District,39.1665475,-120.1482949,7500,78763078.6,10501.74381,Mar,15,28%,-1.990887431,-1.608236771North Tahoe Public Utility District,39.1665475,-120.1482949,7500,73910179.73,9854.690631,Feb,15,28%,-1.990887431,-1.608236771North Tahoe Public Utility District,39.1665475,-120.1482949,7500,194536135.5,25938.15141,Aug,14,28%,-1.990887431,-1.608236771North Tahoe Public Utility District,39.1665475,-120.1482949,7500,96603727.87,12880.49705,Dec,14,28%,-1.990887431,-1.608236771North Tahoe Public Utility District,39.1665475,-120.1482949,7500,157412594.8,20988.34598,Aug,15,28%,-1.990887431,-1.608236771North Tahoe Public Utility District,39.1665475,-120.1482949,7500,129468679.5,17262.4906,Oct,14,28%,-1.990887431,-1.608236771North Tahoe Public Utility District,39.1665475,-120.1482949,7500,218312311.7,29108.30822,Jul,14,28%,-1.990887431,-1.608236771North Tahoe Public Utility District,39.1665475,-120.1482949,7500,78641945.4,10485.59272,Apr,15,28%,-1.990887431,-1.608236771North Tahoe Public Utility District,39.1665475,-120.1482949,7500,92504126.1,12333.88348,Nov,14,28%,-1.990887431,-1.608236771North Tahoe Public Utility District,39.1665475,-120.1482949,7500,185757763.9,24767.70185,Jun,14,28%,-1.990887431,-1.608236771Norwalk City of,33.9157761,-118.0718412,18361,234014202.9,12745.17743,Sep,14,20%,-2.498652354,-1.872080168Norwalk City of,33.9157761,-118.0718412,18361,206759232.6,11260.78278,Nov,14,20%,-2.498652354,-1.872080168Norwalk City of,33.9157761,-118.0718412,18361,223604318.4,12178.22114,Jul,14,20%,-2.498652354,-1.872080168Norwalk City of,33.9157761,-118.0718412,18361,211755977.2,11532.9218,Aug,15,20%,-2.498652354,-1.872080168Norwalk City of,33.9157761,-118.0718412,18361,210620353.4,11471.07202,Jan,15,20%,-2.498652354,-1.872080168Norwalk City of,33.9157761,-118.0718412,18361,212020956,11547.35341,Jul,15,20%,-2.498652354,-1.872080168Norwalk City of,33.9157761,-118.0718412,18361,210582499.3,11469.01036,Jun,15,20%,-2.498652354,-1.872080168Norwalk City of,33.9157761,-118.0718412,18361,175037475.6,9533.112335,Dec,14,20%,-2.498652354,-1.872080168Norwalk City of,33.9157761,-118.0718412,18361,229736686.7,12512.20994,Jun,14,20%,-2.498652354,-1.872080168Norwalk City of,33.9157761,-118.0718412,18361,208424814.1,11351.49579,Mar,15,20%,-2.498652354,-1.872080168Norwalk City of,33.9157761,-118.0718412,18361,232537892,12664.77272,Oct,14,20%,-2.498652354,-1.872080168Norwalk City of,33.9157761,-118.0718412,18361,243515588.3,13262.6539,Aug,14,20%,-2.498652354,-1.872080168Norwalk City of,33.9157761,-118.0718412,18361,181661947.5,9893.902702,Feb,15,20%,-2.498652354,-1.872080168Norwalk City of,33.9157761,-118.0718412,18361,219856760,11974.11688,May,15,20%,-2.498652354,-1.872080168Norwalk City of,33.9157761,-118.0718412,18361,214746453.1,11695.79288,Apr,15,20%,-2.498652354,-1.872080168Oakdale  City of,37.7690532,-120.8528946,21985,249837227.3,11363.98577,Jan,15,32%,-2.190995924,-1.543840068Oakdale  City of,37.7690532,-120.8528946,21711,246051814.7,11333.04844,Dec,14,32%,-2.190995924,-1.543840068Oakdale  City of,37.7690532,-120.8528946,21985,535938706.6,24377.4713,Aug,15,32%,-2.190995924,-1.543840068Oakdale  City of,37.7690532,-120.8528946,21985,564026467.6,25655.05879,Jul,15,32%,-2.190995924,-1.543840068Oakdale  City of,37.7690532,-120.8528946,21985,524014657.1,23835.09925,Jun,15,32%,-2.190995924,-1.543840068Oakdale  City of,37.7690532,-120.8528946,21985,488318216.9,22211.42674,May,15,32%,-2.190995924,-1.543840068Oakdale  City of,37.7690532,-120.8528946,21985,367185015.8,16701.61546,Apr,15,32%,-2.190995924,-1.543840068Oakdale  City of,37.7690532,-120.8528946,21985,314189240.3,14291.07302,Mar,15,32%,-2.190995924,-1.543840068Oakdale  City of,37.7690532,-120.8528946,21985,200626864.3,9125.62494,Feb,15,32%,-2.190995924,-1.543840068Oakdale  City of,37.7690532,-120.8528946,21711,325545477.9,14994.49486,Nov,14,32%,-2.190995924,-1.543840068Oakdale  City of,37.7690532,-120.8528946,21711,526172342.3,24235.28821,Oct,14,32%,-2.190995924,-1.543840068Oakdale  City of,37.7690532,-120.8528946,21711,617022243.1,28419.7984,Sep,14,32%,-2.190995924,-1.543840068Oakdale  City of,37.7690532,-120.8528946,21711,696515906.3,32081.24482,Aug,14,32%,-2.190995924,-1.543840068Oakdale  City of,37.7690532,-120.8528946,21711,753297094.3,34696.56369,Jul,14,32%,-2.190995924,-1.543840068Oakdale  City of,37.7690532,-120.8528946,21711,696515906.3,32081.24482,Jun,14,32%,-2.190995924,-1.543840068Oceanside  City of,37.6717986,-122.4897067,171183,2604493991,15214.67664,Mar,15,20%,-1.923634041,-1.329900694Oceanside  City of,37.6717986,-122.4897067,171183,2937533715,17160.19532,Aug,15,20%,-1.923634041,-1.329900694Oceanside  City of,37.6717986,-122.4897067,171183,2774220902,16206.1706,Apr,15,20%,-1.923634041,-1.329900694Oceanside  City of,37.6717986,-122.4897067,171183,3650238724,21323.60529,Jun,14,20%,-1.923634041,-1.329900694Oceanside  City of,37.6717986,-122.4897067,171183,2482626121,14502.76091,Nov,14,20%,-1.923634041,-1.329900694Oceanside  City of,37.6717986,-122.4897067,171183,3203842146,18715.8897,Oct,14,20%,-1.923634041,-1.329900694Oceanside  City of,37.6717986,-122.4897067,171183,2593639363,15151.26714,Jul,15,20%,-1.923634041,-1.329900694Oceanside  City of,37.6717986,-122.4897067,171183,2666661406,15577.84012,Jun,15,20%,-1.923634041,-1.329900694Oceanside  City of,37.6717986,-122.4897067,171183,3436846605,20077.03221,Sep,14,20%,-1.923634041,-1.329900694Oceanside  City of,37.6717986,-122.4897067,171183,3755948000,21941.12733,Jul,14,20%,-1.923634041,-1.329900694Oceanside  City of,37.6717986,-122.4897067,171183,2367912438,13832.63781,May,15,20%,-1.923634041,-1.329900694Oceanside  City of,37.6717986,-122.4897067,171183,3532688037,20636.90925,Aug,14,20%,-1.923634041,-1.329900694Oceanside  City of,37.6717986,-122.4897067,171183,1864899107,10894.18404,Jan,15,20%,-1.923634041,-1.329900694Oceanside  City of,37.6717986,-122.4897067,171183,1646943110,9620.950152,Dec,14,20%,-1.923634041,-1.329900694Oceanside  City of,37.6717986,-122.4897067,171183,2119489474,12381.42499,Feb,15,20%,-1.923634041,-1.329900694Oildale Mutual Water Company,36.778261,-119.4179324,27000,735154354,27227.93904,Nov,14,36%,-2.515306782,-2.230197237Oildale Mutual Water Company,36.778261,-119.4179324,27000,1163172073,43080.44717,Sep,14,36%,-2.515306782,-2.230197237Oildale Mutual Water Company,36.778261,-119.4179324,27000,1422202970,52674.18408,Aug,14,36%,-2.515306782,-2.230197237Oildale Mutual Water Company,36.778261,-119.4179324,29230,1395066400,47727.21177,Jun,14,36%,-2.515306782,-2.230197237Oildale Mutual Water Company,36.778261,-119.4179324,27000,555066206.9,20558.00766,Dec,14,36%,-2.515306782,-2.230197237Oildale Mutual Water Company,36.778261,-119.4179324,27000,1020088340,37781.04964,Oct,14,36%,-2.515306782,-2.230197237Oildale Mutual Water Company,36.778261,-119.4179324,33163,1042290988,31429.33355,Jun,15,36%,-2.515306782,-2.230197237Oildale Mutual Water Company,36.778261,-119.4179324,27000,582202777,21563.06581,Jan,15,36%,-2.515306782,-2.230197237Oildale Mutual Water Company,36.778261,-119.4179324,29230,1372863752,46967.62749,Jul,14,36%,-2.515306782,-2.230197237Oildale Mutual Water Company,36.778261,-119.4179324,33163,1106431972,33363.44638,Jul,15,36%,-2.515306782,-2.230197237Oildale Mutual Water Company,36.778261,-119.4179324,27000,525462675.8,19461.58059,Feb,15,36%,-2.515306782,-2.230197237Oildale Mutual Water Company,36.778261,-119.4179324,33163,868370243.6,26184.91221,May,15,36%,-2.515306782,-2.230197237Oildale Mutual Water Company,36.778261,-119.4179324,33163,1106431972,33363.44638,Aug,15,36%,-2.515306782,-2.230197237Oildale Mutual Water Company,36.778261,-119.4179324,33163,715418666.6,21572.79699,Mar,15,36%,-2.515306782,-2.230197237Oildale Mutual Water Company,36.778261,-119.4179324,33163,842467154,25403.82818,Apr,15,36%,-2.515306782,-2.230197237Olivehurst Public Utility District,36.778261,-119.4179324,19509,277470738.8,14222.70433,Jun,15,36%,-2.515306782,-2.230197237Olivehurst Public Utility District,36.778261,-119.4179324,19509,478476144.3,24525.91852,Jul,15,36%,-2.515306782,-2.230197237Olivehurst Public Utility District,36.778261,-119.4179324,19509,642763048.3,32947.0013,Jun,14,36%,-2.515306782,-2.230197237Olivehurst Public Utility District,36.778261,-119.4179324,19509,389897491,19985.51904,May,15,36%,-2.515306782,-2.230197237Olivehurst Public Utility District,36.778261,-119.4179324,19509,443650349,22740.80419,Aug,15,36%,-2.515306782,-2.230197237Olivehurst Public Utility District,36.778261,-119.4179324,19509,288448435.1,14785.40341,Mar,15,36%,-2.515306782,-2.230197237Olivehurst Public Utility District,36.778261,-119.4179324,19509,203768756.7,10444.85913,Dec,14,36%,-2.515306782,-2.230197237Olivehurst Public Utility District,36.778261,-119.4179324,19509,399739563.6,20490.00787,Oct,14,36%,-2.515306782,-2.230197237Olivehurst Public Utility District,36.778261,-119.4179324,19509,294505095.2,15095.85807,Apr,15,36%,-2.515306782,-2.230197237Olivehurst Public Utility District,36.778261,-119.4179324,19509,629514104.4,32267.88172,Aug,14,36%,-2.515306782,-2.230197237Olivehurst Public Utility District,36.778261,-119.4179324,19509,211983101.9,10865.91327,Nov,14,36%,-2.515306782,-2.230197237Olivehurst Public Utility District,36.778261,-119.4179324,19509,508759444.6,26078.19184,Sep,14,36%,-2.515306782,-2.230197237Olivehurst Public Utility District,36.778261,-119.4179324,19509,177914389.1,9119.605777,Feb,15,36%,-2.515306782,-2.230197237Olivehurst Public Utility District,36.778261,-119.4179324,19509,714307345.2,36614.24703,Jul,14,36%,-2.515306782,-2.230197237Olivehurst Public Utility District,36.778261,-119.4179324,19509,191541874.2,9818.128773,Jan,15,36%,-2.515306782,-2.230197237Olivenhain Municipal Water District,36.778261,-119.4179324,82355,2909287012,35326.17342,Jun,14,32%,-2.515306782,-2.230197237Olivenhain Municipal Water District,36.778261,-119.4179324,83368,926220477.2,11110.02396,Dec,14,32%,-2.515306782,-2.230197237Olivenhain Municipal Water District,36.778261,-119.4179324,83368,1508176558,18090.59301,Feb,15,32%,-2.515306782,-2.230197237Olivenhain Municipal Water District,36.778261,-119.4179324,83368,3034238583,36395.72237,Jul,14,32%,-2.515306782,-2.230197237Olivenhain Municipal Water District,36.778261,-119.4179324,83368,1260987074,15125.55266,Jan,15,32%,-2.515306782,-2.230197237Olivenhain Municipal Water District,36.778261,-119.4179324,83368,2763119578,33143.64718,Aug,14,32%,-2.515306782,-2.230197237Olivenhain Municipal Water District,36.778261,-119.4179324,84351,1933727317,22924.7705,Jun,15,32%,-2.515306782,-2.230197237Olivenhain Municipal Water District,36.778261,-119.4179324,84351,2155753799,25556.94419,Aug,15,32%,-2.515306782,-2.230197237Olivenhain Municipal Water District,36.778261,-119.4179324,83368,2503595289,30030.65072,Oct,14,32%,-2.515306782,-2.230197237Olivenhain Municipal Water District,36.778261,-119.4179324,84351,1791507020,21238.71702,Jul,15,32%,-2.515306782,-2.230197237Olivenhain Municipal Water District,36.778261,-119.4179324,83368,2712793575,32539.98627,Sep,14,32%,-2.515306782,-2.230197237Olivenhain Municipal Water District,36.778261,-119.4179324,83368,1622643545,19463.62567,May,15,32%,-2.515306782,-2.230197237Olivenhain Municipal Water District,36.778261,-119.4179324,83368,2100247179,25192.48607,Apr,15,32%,-2.515306782,-2.230197237Olivenhain Municipal Water District,36.778261,-119.4179324,83368,1869092941,22419.78865,Mar,15,32%,-2.515306782,-2.230197237Olivenhain Municipal Water District,36.778261,-119.4179324,83368,1879700873,22547.03091,Nov,14,32%,-2.515306782,-2.230197237Ontario  City of,34.0303845,-117.6156136,166866,4290045039,25709.52165,Sep,14,24%,-2.369431374,-1.744485155Ontario  City of,34.0303845,-117.6156136,166866,4493569315,26929.20855,Aug,14,24%,-2.369431374,-1.744485155Ontario  City of,34.0303845,-117.6156136,168777,3450044846,20441.43957,Jul,15,24%,-2.369431374,-1.744485155Ontario  City of,34.0303845,-117.6156136,166866,4410926124,26433.94175,Jun,14,24%,-2.369431374,-1.744485155Ontario  City of,34.0303845,-117.6156136,166866,4725463641,28318.91243,Jul,14,24%,-2.369431374,-1.744485155Ontario  City of,34.0303845,-117.6156136,168777,3305727632,19586.36326,Apr,15,24%,-2.369431374,-1.744485155Ontario  City of,34.0303845,-117.6156136,166866,3096035954,18554.02511,Mar,15,24%,-2.369431374,-1.744485155Ontario  City of,34.0303845,-117.6156136,168777,3464846611,20529.1397,Jun,15,24%,-2.369431374,-1.744485155Ontario  City of,34.0303845,-117.6156136,166866,3067665903,18384.00815,Nov,14,24%,-2.369431374,-1.744485155Ontario  City of,34.0303845,-117.6156136,166866,2236300073,13401.77192,Dec,14,24%,-2.369431374,-1.744485155Ontario  City of,34.0303845,-117.6156136,166866,3905199135,23403.20458,Oct,14,24%,-2.369431374,-1.744485155Ontario  City of,34.0303845,-117.6156136,168777,3656036083,21661.9331,Aug,15,24%,-2.369431374,-1.744485155Ontario  City of,34.0303845,-117.6156136,168777,3078767227,18241.62787,May,15,24%,-2.369431374,-1.744485155Ontario  City of,34.0303845,-117.6156136,166866,2547137149,15264.56647,Jan,15,24%,-2.369431374,-1.744485155Ontario  City of,34.0303845,-117.6156136,166866,2497797931,14968.8848,Feb,15,24%,-2.369431374,-1.744485155Orange  City of,33.7854286,-117.8922253,138792,3903965655,28128.17493,Jul,14,28%,-2.486389707,-1.852458518Orange  City of,33.7854286,-117.8922253,139463,2918414768,20926.08626,Apr,15,28%,-2.486389707,-1.852458518Orange  City of,33.7854286,-117.8922253,138640,3544529449,25566.42707,Sep,14,28%,-2.486389707,-1.852458518Orange  City of,33.7854286,-117.8922253,139463,2810978620,20155.73033,Jun,15,28%,-2.486389707,-1.852458518Orange  City of,33.7854286,-117.8922253,138792,3701674860,26670.66444,Jun,14,28%,-2.486389707,-1.852458518Orange  City of,33.7854286,-117.8922253,138640,3468547053,25018.3717,Oct,14,28%,-2.486389707,-1.852458518Orange  City of,33.7854286,-117.8922253,139463,2707612957,19414.56126,Jul,15,28%,-2.486389707,-1.852458518Orange  City of,33.7854286,-117.8922253,139463,2474361802,17742.06637,Feb,15,28%,-2.486389707,-1.852458518Orange  City of,33.7854286,-117.8922253,139463,2648282547,18989.14083,May,15,28%,-2.486389707,-1.852458518Orange  City of,33.7854286,-117.8922253,139463,2716617364,19479.12611,Aug,15,28%,-2.486389707,-1.852458518Orange  City of,33.7854286,-117.8922253,139463,3045463255,21837.06972,Mar,15,28%,-2.486389707,-1.852458518Orange  City of,33.7854286,-117.8922253,138640,2110608415,15223.66139,Dec,14,28%,-2.486389707,-1.852458518Orange  City of,33.7854286,-117.8922253,138640,3599049285,25959.67459,Aug,14,28%,-2.486389707,-1.852458518Orange  City of,33.7854286,-117.8922253,138640,3282291503,23674.92429,Nov,14,28%,-2.486389707,-1.852458518Orange  City of,33.7854286,-117.8922253,138640,2068546731,14920.27359,Jan,15,28%,-2.486389707,-1.852458518Orange Vale Water Company,36.778261,-119.4179324,14283,525746376.3,36809.2401,Aug,15,36%,-2.515306782,-2.230197237Orange Vale Water Company,36.778261,-119.4179324,15200,549873254.1,36175.87198,Sep,14,36%,-2.515306782,-2.230197237Orange Vale Water Company,36.778261,-119.4179324,15200,189067884.9,12438.67664,Dec,14,36%,-2.515306782,-2.230197237Orange Vale Water Company,36.778261,-119.4179324,14283,460125215.9,32214.88594,Jun,15,36%,-2.515306782,-2.230197237Orange Vale Water Company,36.778261,-119.4179324,14283,346447656.7,24255.9446,May,15,36%,-2.515306782,-2.230197237Orange Vale Water Company,36.778261,-119.4179324,14283,521922586.9,36541.52397,Jul,15,36%,-2.515306782,-2.230197237Orange Vale Water Company,36.778261,-119.4179324,15200,645171954.4,42445.52332,Aug,14,36%,-2.515306782,-2.230197237Orange Vale Water Company,36.778261,-119.4179324,15200,714641573.9,47015.89302,Jul,14,36%,-2.515306782,-2.230197237Orange Vale Water Company,36.778261,-119.4179324,14283,284489933.2,19918.07976,Mar,15,36%,-2.515306782,-2.230197237Orange Vale Water Company,36.778261,-119.4179324,15200,421874986.8,27754.93334,Oct,14,36%,-2.515306782,-2.230197237Orange Vale Water Company,36.778261,-119.4179324,14283,298489936.4,20898.26622,Apr,15,36%,-2.515306782,-2.230197237Orange Vale Water Company,36.778261,-119.4179324,15200,677378129.2,44564.35061,Jun,14,36%,-2.515306782,-2.230197237Orange Vale Water Company,36.778261,-119.4179324,15200,243698734.4,16032.81148,Nov,14,36%,-2.515306782,-2.230197237Orange Vale Water Company,36.778261,-119.4179324,15200,196012379.9,12895.55131,Jan,15,36%,-2.515306782,-2.230197237Orange Vale Water Company,36.778261,-119.4179324,15200,178694314.2,11756.20488,Feb,15,36%,-2.515306782,-2.230197237Orchard Dale Water District,36.778261,-119.4179324,25605,171453783.9,6696.1056,Dec,14,12%,-2.515306782,-2.230197237Orchard Dale Water District,36.778261,-119.4179324,25605,245462611.5,9586.510896,Aug,15,12%,-2.515306782,-2.230197237Orchard Dale Water District,36.778261,-119.4179324,25605,208458197.7,8141.308248,Nov,14,12%,-2.515306782,-2.230197237Orchard Dale Water District,36.778261,-119.4179324,25605,205991236.8,8044.961405,Mar,15,12%,-2.515306782,-2.230197237Orchard Dale Water District,36.778261,-119.4179324,25605,171453783.9,6696.1056,Jan,15,12%,-2.515306782,-2.230197237Orchard Dale Water District,36.778261,-119.4179324,25605,283700505.7,11079.88696,Aug,14,12%,-2.515306782,-2.230197237Orchard Dale Water District,36.778261,-119.4179324,25605,294801829.9,11513.44776,Jul,14,12%,-2.515306782,-2.230197237Orchard Dale Water District,36.778261,-119.4179324,25605,259030896.5,10116.41853,Sep,14,12%,-2.515306782,-2.230197237Orchard Dale Water District,36.778261,-119.4179324,25605,208458197.7,8141.308248,Apr,15,12%,-2.515306782,-2.230197237Orchard Dale Water District,36.778261,-119.4179324,25605,231894326.4,9056.603258,Jul,15,12%,-2.515306782,-2.230197237Orchard Dale Water District,36.778261,-119.4179324,25605,278766583.9,10887.19328,Jun,14,12%,-2.515306782,-2.230197237Orchard Dale Water District,36.778261,-119.4179324,25605,165286381.6,6455.238492,Feb,15,12%,-2.515306782,-2.230197237Orchard Dale Water District,36.778261,-119.4179324,25605,196123393.1,7659.574032,May,15,12%,-2.515306782,-2.230197237Orchard Dale Water District,36.778261,-119.4179324,25605,214625600,8382.175356,Jun,15,12%,-2.515306782,-2.230197237Orchard Dale Water District,36.778261,-119.4179324,25605,251630013.8,9827.378003,Oct,14,12%,-2.515306782,-2.230197237Otay Water District,36.778261,-119.4179324,217600,4032741015,18532.81716,Jun,14,20%,-2.515306782,-2.230197237Otay Water District,36.778261,-119.4179324,217600,3884229968,17850.32154,Sep,14,20%,-2.515306782,-2.230197237Otay Water District,36.778261,-119.4179324,217600,2104687708,9672.278072,Dec,14,20%,-2.515306782,-2.230197237Otay Water District,36.778261,-119.4179324,217600,4307190417,19794.07361,Jul,14,20%,-2.515306782,-2.230197237Otay Water District,36.778261,-119.4179324,217600,3759155049,17275.52872,Oct,14,20%,-2.515306782,-2.230197237Otay Water District,36.778261,-119.4179324,217600,3002784831,13799.56264,Nov,14,20%,-2.515306782,-2.230197237Otay Water District,36.778261,-119.4179324,217600,3189287077,14656.65017,Aug,15,20%,-2.515306782,-2.230197237Otay Water District,36.778261,-119.4179324,217600,2921498469,13426.00399,Jul,15,20%,-2.515306782,-2.230197237Otay Water District,36.778261,-119.4179324,217600,4041375378,18572.49714,Aug,14,20%,-2.515306782,-2.230197237Otay Water District,36.778261,-119.4179324,217600,2627806771,12076.31788,May,15,20%,-2.515306782,-2.230197237Otay Water District,36.778261,-119.4179324,217600,2240987299,10298.65487,Jan,15,20%,-2.515306782,-2.230197237Otay Water District,36.778261,-119.4179324,217600,2854273784,13117.06702,Mar,15,20%,-2.515306782,-2.230197237Otay Water District,36.778261,-119.4179324,217700,2943454421,13520.69096,Jun,15,20%,-2.515306782,-2.230197237Otay Water District,36.778261,-119.4179324,217600,2488546827,11436.33652,Feb,15,20%,-2.515306782,-2.230197237Otay Water District,36.778261,-119.4179324,217600,3118608646,14331.84121,Apr,15,20%,-2.515306782,-2.230197237Oxnard  City of,34.2035685,-119.142101,196720,2533556529,12878.99822,Aug,15,12%,-2.496486987,-1.895869114Oxnard  City of,34.2035685,-119.142101,196720,2432694832,12366.28117,Apr,15,12%,-2.496486987,-1.895869114Oxnard  City of,34.2035685,-119.142101,203645,2361806710,11597.66609,Mar,15,12%,-2.496486987,-1.895869114Oxnard  City of,34.2035685,-119.142101,196720,2501301015,12715.0316,Jul,15,12%,-2.496486987,-1.895869114Oxnard  City of,34.2035685,-119.142101,196720,2451752105,12463.15629,Jun,15,12%,-2.496486987,-1.895869114Oxnard  City of,34.2035685,-119.142101,196720,2535505429,12888.90519,May,15,12%,-2.496486987,-1.895869114Oxnard  City of,34.2035685,-119.142101,203645,2546397061,12504.09812,Oct,14,12%,-2.496486987,-1.895869114Oxnard  City of,34.2035685,-119.142101,203645,2540821729,12476.72042,Sep,14,12%,-2.496486987,-1.895869114Oxnard  City of,34.2035685,-119.142101,203645,1916187225,9409.448916,Dec,14,12%,-2.496486987,-1.895869114Oxnard  City of,34.2035685,-119.142101,203645,3075214804,15100.86083,Jul,14,12%,-2.496486987,-1.895869114Oxnard  City of,34.2035685,-119.142101,203645,2262696555,11110.98507,Nov,14,12%,-2.496486987,-1.895869114Oxnard  City of,34.2035685,-119.142101,203645,1987457725,9759.423141,Feb,15,12%,-2.496486987,-1.895869114Oxnard  City of,34.2035685,-119.142101,203645,2116393438,10392.56273,Jan,15,12%,-2.496486987,-1.895869114Oxnard  City of,34.2035685,-119.142101,203645,2807882584,13788.12435,Aug,14,12%,-2.496486987,-1.895869114Padre Dam Municipal Water District,36.778261,-119.4179324,89171,1065233725,11945.9659,Apr,15,20%,-2.515306782,-2.230197237Padre Dam Municipal Water District,36.778261,-119.4179324,89171,987154411.9,11070.3526,Mar,15,20%,-2.515306782,-2.230197237Padre Dam Municipal Water District,36.778261,-119.4179324,89171,820634549.8,9202.930884,Feb,15,20%,-2.515306782,-2.230197237Padre Dam Municipal Water District,36.778261,-119.4179324,89171,743048628.9,8332.850691,Jan,15,20%,-2.515306782,-2.230197237Padre Dam Municipal Water District,36.778261,-119.4179324,89171,711348181.1,7977.348926,Dec,14,20%,-2.515306782,-2.230197237Padre Dam Municipal Water District,36.778261,-119.4179324,89171,1030449576,11555.88225,Nov,14,20%,-2.515306782,-2.230197237Padre Dam Municipal Water District,36.778261,-119.4179324,89171,1304158890,14625.37024,Oct,14,20%,-2.515306782,-2.230197237Padre Dam Municipal Water District,36.778261,-119.4179324,89171,1391612655,15606.11247,Sep,14,20%,-2.515306782,-2.230197237Padre Dam Municipal Water District,36.778261,-119.4179324,89171,1429357157,16029.39472,Aug,14,20%,-2.515306782,-2.230197237Padre Dam Municipal Water District,36.778261,-119.4179324,90101,861832797.2,9565.185705,May,15,20%,-2.515306782,-2.230197237Padre Dam Municipal Water District,36.778261,-119.4179324,90101,1113339463,12356.57166,Aug,15,20%,-2.515306782,-2.230197237Padre Dam Municipal Water District,36.778261,-119.4179324,90101,967912116.7,10742.52358,Jul,15,20%,-2.515306782,-2.230197237Padre Dam Municipal Water District,36.778261,-119.4179324,90101,1034026669,11476.30625,Jun,15,20%,-2.515306782,-2.230197237Padre Dam Municipal Water District,36.778261,-119.4179324,89171,1477709591,16571.63866,Jun,14,20%,-2.515306782,-2.230197237Padre Dam Municipal Water District,36.778261,-119.4179324,89171,1512370392,16960.33903,Jul,14,20%,-2.515306782,-2.230197237Palmdale Water District,36.778261,-119.4179324,109395,1189198511,10870.68432,Feb,15,32%,-2.515306782,-2.230197237Palmdale Water District,36.778261,-119.4179324,116183,2121956435,18263.91499,Jun,15,32%,-2.515306782,-2.230197237Palmdale Water District,36.778261,-119.4179324,116188,2434026991,20949.03941,Aug,15,32%,-2.515306782,-2.230197237Palmdale Water District,36.778261,-119.4179324,116183,2110361719,18164.11797,Jul,15,32%,-2.515306782,-2.230197237Palmdale Water District,36.778261,-119.4179324,109395,1208810851,11049.96435,Jan,15,32%,-2.515306782,-2.230197237Palmdale Water District,36.778261,-119.4179324,116183,1956793401,16842.33839,May,15,32%,-2.515306782,-2.230197237Palmdale Water District,36.778261,-119.4179324,116183,1818396894,15651.14426,Apr,15,32%,-2.515306782,-2.230197237Palmdale Water District,36.778261,-119.4179324,109395,1625110506,14855.43677,Mar,15,32%,-2.515306782,-2.230197237Palmdale Water District,36.778261,-119.4179324,109395,2617938928,23931.06566,Aug,14,32%,-2.515306782,-2.230197237Palmdale Water District,36.778261,-119.4179324,109395,3223084441,29462.81312,Jul,14,32%,-2.515306782,-2.230197237Palmdale Water District,36.778261,-119.4179324,109395,2167595212,19814.39016,Oct,14,32%,-2.515306782,-2.230197237Palmdale Water District,36.778261,-119.4179324,109395,1627330770,14875.73262,Nov,14,32%,-2.515306782,-2.230197237Palmdale Water District,36.778261,-119.4179324,26032,743076480.5,28544.73265,Sep,14,32%,-2.515306782,-2.230197237Palmdale Water District,36.778261,-119.4179324,109395,1173903353,10730.86844,Dec,14,32%,-2.515306782,-2.230197237Palmdale Water District,36.778261,-119.4179324,109395,3223084441,29462.81312,Jun,14,32%,-2.515306782,-2.230197237Palo Alto  City of,37.4269784,-122.1443672,64403,1545604848,23998.95732,Jun,14,24%,-2.20548286,-1.282154614Palo Alto  City of,37.4269784,-122.1443672,64403,1138640658,17679.93197,Jul,15,24%,-2.20548286,-1.282154614Palo Alto  City of,37.4269784,-122.1443672,64403,991711884.7,15398.53554,May,15,24%,-2.20548286,-1.282154614Palo Alto  City of,37.4269784,-122.1443672,64403,1138618006,17679.58024,Apr,15,24%,-2.20548286,-1.282154614Palo Alto  City of,37.4269784,-122.1443672,64403,1078550808,16746.90322,Mar,15,24%,-2.20548286,-1.282154614Palo Alto  City of,37.4269784,-122.1443672,64403,768712338.9,11935.97098,Jan,15,24%,-2.20548286,-1.282154614Palo Alto  City of,37.4269784,-122.1443672,64403,819659312.9,12727.03621,Dec,14,24%,-2.20548286,-1.282154614Palo Alto  City of,37.4269784,-122.1443672,64403,671042972,10419.43655,Nov,14,24%,-2.20548286,-1.282154614Palo Alto  City of,37.4269784,-122.1443672,64403,1147916615,17823.96185,Oct,14,24%,-2.20548286,-1.282154614Palo Alto  City of,37.4269784,-122.1443672,64403,1307977833,20309.26871,Sep,14,24%,-2.20548286,-1.282154614Palo Alto  City of,37.4269784,-122.1443672,64403,1384940524,21504.28588,Aug,14,24%,-2.20548286,-1.282154614Palo Alto  City of,37.4269784,-122.1443672,64403,1668058235,25900.31885,Jul,14,24%,-2.20548286,-1.282154614Palo Alto  City of,37.4269784,-122.1443672,64403,1234492210,19168.24076,Aug,15,24%,-2.20548286,-1.282154614Palo Alto  City of,37.4269784,-122.1443672,64403,1256577821,19511.16905,Jun,15,24%,-2.20548286,-1.282154614Palo Alto  City of,37.4269784,-122.1443672,64403,852997259.4,13244.68207,Feb,15,24%,-2.20548286,-1.282154614Paradise Irrigation District,36.778261,-119.4179324,26032,311539451.6,11967.5573,Jan,15,36%,-2.515306782,-2.230197237Paradise Irrigation District,36.778261,-119.4179324,26032,373620217.1,14352.34393,Mar,15,36%,-2.515306782,-2.230197237Paradise Irrigation District,36.778261,-119.4179324,26032,954302499.9,36658.82375,Jul,14,36%,-2.515306782,-2.230197237Paradise Irrigation District,36.778261,-119.4179324,26032,276335115,10615.20878,Feb,15,36%,-2.515306782,-2.230197237Paradise Irrigation District,36.778261,-119.4179324,26032,743076480.5,28544.73265,Sep,14,36%,-2.515306782,-2.230197237Paradise Irrigation District,36.778261,-119.4179324,26032,650333873.4,24982.09409,Aug,15,36%,-2.515306782,-2.230197237Paradise Irrigation District,36.778261,-119.4179324,26032,835440546.3,32092.82984,Aug,14,36%,-2.515306782,-2.230197237Paradise Irrigation District,36.778261,-119.4179324,26032,516708810.9,19848.98628,May,15,36%,-2.515306782,-2.230197237Paradise Irrigation District,36.778261,-119.4179324,26032,519737141,19965.31734,Oct,14,36%,-2.515306782,-2.230197237Paradise Irrigation District,36.778261,-119.4179324,26032,323274230.4,12418.34014,Nov,14,36%,-2.515306782,-2.230197237Paradise Irrigation District,36.778261,-119.4179324,26032,403903517.4,15515.65448,Apr,15,36%,-2.515306782,-2.230197237Paradise Irrigation District,36.778261,-119.4179324,26032,871780506.6,33488.8025,Jun,14,36%,-2.515306782,-2.230197237Paradise Irrigation District,36.778261,-119.4179324,26032,659418863.5,25331.08726,Jul,15,36%,-2.515306782,-2.230197237Paradise Irrigation District,36.778261,-119.4179324,26032,560619596.3,21535.78658,Jun,15,36%,-2.515306782,-2.230197237Paradise Irrigation District,36.778261,-119.4179324,26032,297154883.9,11414.98479,Dec,14,36%,-2.515306782,-2.230197237Paramount  City of,33.8849558,-118.1611433,55051,641742878.8,11657.2429,Jul,15,12%,-2.514938889,-1.848690456Paramount  City of,33.8849558,-118.1611433,55051,637179001.1,11574.34018,Apr,15,12%,-2.514938889,-1.848690456Paramount  City of,33.8849558,-118.1611433,55051,656742001.2,11929.70157,Mar,15,12%,-2.514938889,-1.848690456Paramount  City of,33.8849558,-118.1611433,55051,532259153.2,9668.473836,Jun,15,12%,-2.514938889,-1.848690456Paramount  City of,33.8849558,-118.1611433,55051,657432750.2,11942.24901,May,15,12%,-2.514938889,-1.848690456Paramount  City of,33.8849558,-118.1611433,55051,583349913.8,10596.53619,Dec,14,12%,-2.514938889,-1.848690456Paramount  City of,33.8849558,-118.1611433,55051,657667111.5,11946.50618,Nov,14,12%,-2.514938889,-1.848690456Paramount  City of,33.8849558,-118.1611433,55051,558630965.4,10147.51713,Feb,15,12%,-2.514938889,-1.848690456Paramount  City of,33.8849558,-118.1611433,55051,618232741.2,11230.18185,Jan,15,12%,-2.514938889,-1.848690456Paramount  City of,33.8849558,-118.1611433,55051,721623073.3,13108.26458,Sep,14,12%,-2.514938889,-1.848690456Paramount  City of,33.8849558,-118.1611433,55051,676564032.1,12289.76825,Aug,15,12%,-2.514938889,-1.848690456Paramount  City of,33.8849558,-118.1611433,57989,755790482.1,13033.34222,Aug,14,12%,-2.514938889,-1.848690456Paramount  City of,33.8849558,-118.1611433,57989,771159648.6,13298.37812,Jul,14,12%,-2.514938889,-1.848690456Paramount  City of,33.8849558,-118.1611433,57989,747057440.4,12882.74398,Jun,14,12%,-2.514938889,-1.848690456Paramount  City of,33.8849558,-118.1611433,55051,731651269.5,13290.4265,Oct,14,12%,-2.514938889,-1.848690456Park Water Company,36.778261,-119.4179324,125784,1012687457,8051.003764,Dec,14,8%,-2.515306782,-2.230197237Park Water Company,36.778261,-119.4179324,125784,1081762363,8600.15871,Aug,15,8%,-2.515306782,-2.230197237Park Water Company,36.778261,-119.4179324,125784,909075098.8,7227.271345,Jan,15,8%,-2.515306782,-2.230197237Park Water Company,36.778261,-119.4179324,125784,1010220496,8031.391087,Apr,15,8%,-2.515306782,-2.230197237Park Water Company,36.778261,-119.4179324,133000,1152095419,8662.371571,Aug,14,8%,-2.515306782,-2.230197237Park Water Company,36.778261,-119.4179324,133000,877004606.8,6594.0196,Nov,14,8%,-2.515306782,-2.230197237Park Water Company,36.778261,-119.4179324,133000,1145903347,8615.81464,Oct,14,8%,-2.515306782,-2.230197237Park Water Company,36.778261,-119.4179324,133000,1239647862,9320.660617,Sep,14,8%,-2.515306782,-2.230197237Park Water Company,36.778261,-119.4179324,125784,926343825.2,7364.560081,May,15,8%,-2.515306782,-2.230197237Park Water Company,36.778261,-119.4179324,128193,1315469906,10261.63602,Jul,14,8%,-2.515306782,-2.230197237Park Water Company,36.778261,-119.4179324,133000,1317344796,9904.848091,Jun,14,8%,-2.515306782,-2.230197237Park Water Company,36.778261,-119.4179324,125784,868370243.6,6903.66218,Feb,15,8%,-2.515306782,-2.230197237Park Water Company,36.778261,-119.4179324,125784,1062026676,8443.257297,Jul,15,8%,-2.515306782,-2.230197237Park Water Company,36.778261,-119.4179324,125784,1055859274,8394.225605,Mar,15,8%,-2.515306782,-2.230197237Park Water Company,36.778261,-119.4179324,125784,1086696285,8639.384063,Jun,15,8%,-2.515306782,-2.230197237Pasadena  City of,34.1358357,-118.1431737,165740,2742150410,16544.89206,Nov,14,28%,-2.352081705,-1.946980576Pasadena  City of,34.1358357,-118.1431737,166482,3916547156,23525.34902,Aug,15,28%,-2.352081705,-1.946980576Pasadena  City of,34.1358357,-118.1431737,166482,3188300292,19151.02108,Jul,15,28%,-2.352081705,-1.946980576Pasadena  City of,34.1358357,-118.1431737,165740,2695031456,16260.59766,May,15,28%,-2.352081705,-1.946980576Pasadena  City of,34.1358357,-118.1431737,165740,2109374934,12727.01179,Dec,14,28%,-2.352081705,-1.946980576Pasadena  City of,34.1358357,-118.1431737,165740,2826767169,17055.43121,Apr,15,28%,-2.352081705,-1.946980576Pasadena  City of,34.1358357,-118.1431737,165740,2976265001,17957.43334,Jun,15,28%,-2.352081705,-1.946980576Pasadena  City of,34.1358357,-118.1431737,165740,2340035780,14118.71473,Jan,15,28%,-2.352081705,-1.946980576Pasadena  City of,34.1358357,-118.1431737,165740,3916547156,23630.66946,Aug,14,28%,-2.352081705,-1.946980576Pasadena  City of,34.1358357,-118.1431737,165740,4125128701,24889.15592,Jul,14,28%,-2.352081705,-1.946980576Pasadena  City of,34.1358357,-118.1431737,165740,3557480994,21464.22707,Oct,14,28%,-2.352081705,-1.946980576Pasadena  City of,34.1358357,-118.1431737,165740,3750520686,22628.94103,Sep,14,28%,-2.352081705,-1.946980576Pasadena  City of,34.1358357,-118.1431737,165740,2305374979,13909.58718,Feb,15,28%,-2.352081705,-1.946980576Pasadena  City of,34.1358357,-118.1431737,165740,4033481103,24336.19587,Jun,14,28%,-2.352081705,-1.946980576Pasadena  City of,34.1358357,-118.1431737,165740,2780141608,16774.11372,Mar,15,28%,-2.352081705,-1.946980576Paso Robles  City of,35.6441264,-120.704433,30450,661069303.3,21709.99354,Aug,15,28%,-2.607522044,-1.951649451Paso Robles  City of,35.6441264,-120.704433,30450,588256893.2,19318.78139,Apr,15,28%,-2.607522044,-1.951649451Paso Robles  City of,35.6441264,-120.704433,30450,502195539.3,16492.46434,Mar,15,28%,-2.607522044,-1.951649451Paso Robles  City of,35.6441264,-120.704433,30450,483787078.1,15887.91718,Nov,14,28%,-2.607522044,-1.951649451Paso Robles  City of,35.6441264,-120.704433,30450,626122374.8,20562.31116,May,15,28%,-2.607522044,-1.951649451Paso Robles  City of,35.6441264,-120.704433,30450,651882107.1,21408.27938,Jun,15,28%,-2.607522044,-1.951649451Paso Robles  City of,35.6441264,-120.704433,30450,660929243.1,21705.39386,Jul,15,28%,-2.607522044,-1.951649451Paso Robles  City of,35.6441264,-120.704433,30450,366162954.4,12025.05598,Jan,15,28%,-2.607522044,-1.951649451Paso Robles  City of,35.6441264,-120.704433,30450,727798555.5,23901.43039,Oct,14,28%,-2.607522044,-1.951649451Paso Robles  City of,35.6441264,-120.704433,30450,869293490.6,28548.22629,Jun,14,28%,-2.607522044,-1.951649451Paso Robles  City of,35.6441264,-120.704433,30450,926388867.9,30423.27973,Jul,14,28%,-2.607522044,-1.951649451Paso Robles  City of,35.6441264,-120.704433,30450,329436882,10818.94522,Feb,15,28%,-2.607522044,-1.951649451Paso Robles  City of,35.6441264,-120.704433,30450,782009448.4,25681.75528,Sep,14,28%,-2.607522044,-1.951649451Paso Robles  City of,35.6441264,-120.704433,30450,351884378.4,11556.13722,Dec,14,28%,-2.607522044,-1.951649451Paso Robles  City of,35.6441264,-120.704433,30450,883352512.8,29009.93474,Aug,14,28%,-2.607522044,-1.951649451Patterson  City of,37.7423373,-122.4051935,20922,337989007.2,16154.71786,Apr,15,28%,-1.962275405,-1.323766603Patterson  City of,37.7423373,-122.4051935,20922,302077101.3,14438.25166,Mar,15,28%,-1.962275405,-1.323766603Patterson  City of,37.7423373,-122.4051935,21094,402034734.9,19059.19858,Aug,15,28%,-1.962275405,-1.323766603Patterson  City of,37.7423373,-122.4051935,20922,352623412,16854.19233,May,15,28%,-1.962275405,-1.323766603Patterson  City of,37.7423373,-122.4051935,20922,256407567.8,12255.40425,Dec,14,28%,-1.962275405,-1.323766603Patterson  City of,37.7423373,-122.4051935,20922,211654830.9,10116.37659,Feb,15,28%,-1.962275405,-1.323766603Patterson  City of,37.7423373,-122.4051935,20922,230743909.3,11028.7692,Jan,15,28%,-1.962275405,-1.323766603Patterson  City of,37.7423373,-122.4051935,20922,582044243.9,27819.72297,Jul,14,28%,-1.962275405,-1.323766603Patterson  City of,37.7423373,-122.4051935,20922,524562209.5,25072.27844,Jul,15,28%,-1.962275405,-1.323766603Patterson  City of,37.7423373,-122.4051935,20922,432957921.4,20693.90696,Oct,14,28%,-1.962275405,-1.323766603Patterson  City of,37.7423373,-122.4051935,20922,527707841.9,25222.6289,Aug,14,28%,-1.962275405,-1.323766603Patterson  City of,37.7423373,-122.4051935,20922,530709870.8,25366.11561,Sep,14,28%,-1.962275405,-1.323766603Patterson  City of,37.7423373,-122.4051935,20922,254174749.8,12148.68319,Nov,14,28%,-1.962275405,-1.323766603Patterson  City of,37.7423373,-122.4051935,20922,564423678.5,26977.52024,Jun,14,28%,-1.962275405,-1.323766603Patterson  City of,37.7423373,-122.4051935,20922,430586103,20580.54216,Jun,15,28%,-1.962275405,-1.323766603"Perris, City of",33.843541,-117.1923342,9000,184735901.5,20526.21128,Aug,15,24%,-1.930697012,-1.14150089"Perris, City of",33.843541,-117.1923342,9000,165230875,18358.98611,Jul,15,24%,-1.930697012,-1.14150089"Perris, City of",33.843541,-117.1923342,9000,192580837.2,21397.8708,Jun,15,24%,-1.930697012,-1.14150089"Perris, City of",33.843541,-117.1923342,9000,167137835.8,18570.87064,May,15,24%,-1.930697012,-1.14150089"Perris, City of",33.843541,-117.1923342,9000,175994225.5,19554.91394,Apr,15,24%,-1.930697012,-1.14150089"Perris, City of",33.843541,-117.1923342,9000,162289024.1,18032.11379,Mar,15,24%,-1.930697012,-1.14150089"Perris, City of",33.843541,-117.1923342,9000,126842496.1,14093.61068,Feb,15,24%,-1.930697012,-1.14150089"Perris, City of",33.843541,-117.1923342,9000,125277209.4,13919.68993,Jan,15,24%,-1.930697012,-1.14150089"Perris, City of",33.843541,-117.1923342,9000,107634738.4,11959.41538,Dec,14,24%,-1.930697012,-1.14150089"Perris, City of",33.843541,-117.1923342,9000,170817308,18979.70089,Nov,14,24%,-1.930697012,-1.14150089"Perris, City of",33.843541,-117.1923342,9000,201736962.7,22415.21807,Oct,14,24%,-1.930697012,-1.14150089"Perris, City of",33.843541,-117.1923342,9000,213958287.1,23773.14301,Sep,14,24%,-1.930697012,-1.14150089"Perris, City of",33.843541,-117.1923342,9000,230034237.9,25559.35977,Aug,14,24%,-1.930697012,-1.14150089"Perris, City of",33.843541,-117.1923342,9000,230361110.2,25595.67891,Jul,14,24%,-1.930697012,-1.14150089"Perris, City of",33.843541,-117.1923342,9000,223093443.3,24788.16037,Jun,14,24%,-1.930697012,-1.14150089Petaluma  City of,38.26058,-122.6468054,61258,877959662.6,14332.16335,Oct,14,16%,-1.578311669,-1.211408957Petaluma  City of,38.26058,-122.6468054,61258,689948821.2,11262.99946,Nov,14,16%,-1.578311669,-1.211408957Petaluma  City of,38.26058,-122.6468054,61258,821782929.3,13415.11197,May,15,16%,-1.578311669,-1.211408957Petaluma  City of,38.26058,-122.6468054,61258,988478324.7,16136.31403,Sep,14,16%,-1.578311669,-1.211408957Petaluma  City of,38.26058,-122.6468054,61258,642181609,10483.22846,Dec,14,16%,-1.578311669,-1.211408957Petaluma  City of,38.26058,-122.6468054,61258,646372212,10551.63753,Jan,15,16%,-1.578311669,-1.211408957Petaluma  City of,38.26058,-122.6468054,61258,1164902715,19016.33607,Jun,14,16%,-1.578311669,-1.211408957Petaluma  City of,38.26058,-122.6468054,61258,781516330.3,12757.78397,Apr,15,16%,-1.578311669,-1.211408957Petaluma  City of,38.26058,-122.6468054,61258,761019184.5,12423.18039,Mar,15,16%,-1.578311669,-1.211408957Petaluma  City of,38.26058,-122.6468054,61258,944488318.2,15418.20363,Jul,15,16%,-1.578311669,-1.211408957Petaluma  City of,38.26058,-122.6468054,61258,1064781279,17381.91385,Aug,14,16%,-1.578311669,-1.211408957Petaluma  City of,38.26058,-122.6468054,61798,873882319.1,14140.94824,Jun,15,16%,-1.578311669,-1.211408957Petaluma  City of,38.26058,-122.6468054,61258,587279045.5,9586.977137,Feb,15,16%,-1.578311669,-1.211408957Petaluma  City of,38.26058,-122.6468054,61258,1185232803,19348.21253,Jul,14,16%,-1.578311669,-1.211408957Petaluma  City of,38.26058,-122.6468054,61258,955400875.2,15596.34456,Aug,15,16%,-1.578311669,-1.211408957Phelan Pinon Hills Community Services District,36.778261,-119.4179324,20913,467859138.4,22371.6893,Aug,14,32%,-2.515306782,-2.230197237Phelan Pinon Hills Community Services District,36.778261,-119.4179324,25160,372511098.8,14805.68755,Jun,15,32%,-2.515306782,-2.230197237Phelan Pinon Hills Community Services District,36.778261,-119.4179324,25160,290941036,11563.63418,Apr,15,32%,-2.515306782,-2.230197237Phelan Pinon Hills Community Services District,36.778261,-119.4179324,25160,256317239.5,10187.48965,Mar,15,32%,-2.515306782,-2.230197237Phelan Pinon Hills Community Services District,36.778261,-119.4179324,25160,378888192.8,15059.14916,Aug,15,32%,-2.515306782,-2.230197237Phelan Pinon Hills Community Services District,36.778261,-119.4179324,25160,216105776.5,8589.259799,Dec,14,32%,-2.515306782,-2.230197237Phelan Pinon Hills Community Services District,36.778261,-119.4179324,25160,349334001,13884.49924,Jul,15,32%,-2.515306782,-2.230197237Phelan Pinon Hills Community Services District,36.778261,-119.4179324,25160,251395652.5,9991.87808,Nov,14,32%,-2.515306782,-2.230197237Phelan Pinon Hills Community Services District,36.778261,-119.4179324,25160,209802691.4,8338.739721,Feb,15,32%,-2.515306782,-2.230197237Phelan Pinon Hills Community Services District,36.778261,-119.4179324,25160,320359545,12732.8913,May,15,32%,-2.515306782,-2.230197237Phelan Pinon Hills Community Services District,36.778261,-119.4179324,20913,356944575.4,17068.07132,Sep,14,32%,-2.515306782,-2.230197237Phelan Pinon Hills Community Services District,36.778261,-119.4179324,20913,358560434.8,17145.3371,Oct,14,32%,-2.515306782,-2.230197237Phelan Pinon Hills Community Services District,36.778261,-119.4179324,25160,197097842.7,7833.77753,Jan,15,32%,-2.515306782,-2.230197237Phelan Pinon Hills Community Services District,36.778261,-119.4179324,20913,498165753.3,23820.86517,Jul,14,32%,-2.515306782,-2.230197237Pico Rivera  City of,34.0079856,-118.09931,39002,471189535.6,12081.16342,Jun,15,16%,-2.423668694,-1.907999688Pico Rivera  City of,34.0079856,-118.09931,39002,511894390.8,13124.82413,Jul,15,16%,-2.423668694,-1.907999688Pico Rivera  City of,34.0079856,-118.09931,39002,355242372.4,9108.311686,Dec,14,16%,-2.423668694,-1.907999688Pico Rivera  City of,34.0079856,-118.09931,39002,474889977,12176.04166,Mar,15,16%,-2.423668694,-1.907999688Pico Rivera  City of,34.0079856,-118.09931,39002,530396597.7,13599.21537,Aug,15,16%,-2.423668694,-1.907999688Pico Rivera  City of,34.0079856,-118.09931,39002,440352524.1,11290.51136,May,15,16%,-2.423668694,-1.907999688Pico Rivera  City of,34.0079856,-118.09931,39002,477356937.9,12239.29383,Apr,15,16%,-2.423668694,-1.907999688Pico Rivera  City of,34.0079856,-118.09931,39002,534097039.1,13694.09361,Oct,14,16%,-2.423668694,-1.907999688Pico Rivera  City of,34.0079856,-118.09931,39002,394713747.1,10120.34632,Feb,15,16%,-2.423668694,-1.907999688Pico Rivera  City of,34.0079856,-118.09931,39002,407048551.7,10436.60714,Jan,15,16%,-2.423668694,-1.907999688Pico Rivera  City of,34.0079856,-118.09931,39002,455154289.6,11670.02435,Nov,14,16%,-2.423668694,-1.907999688Pico Rivera  City of,34.0079856,-118.09931,39002,397180708,10183.59848,Jun,14,16%,-2.423668694,-1.907999688Pico Rivera  City of,34.0079856,-118.09931,39002,557533167.8,14294.98917,Sep,14,16%,-2.423668694,-1.907999688Pico Rivera  City of,34.0079856,-118.09931,39002,447753406.9,11480.26785,Jul,14,16%,-2.423668694,-1.907999688Pico Rivera  City of,34.0079856,-118.09931,39002,610572827.6,15654.91071,Aug,14,16%,-2.423668694,-1.907999688Pico Water District,36.778261,-119.4179324,25284,302708439.6,11972.33189,Aug,15,24%,-2.515306782,-2.230197237Pico Water District,36.778261,-119.4179324,25284,284255571.9,11242.50799,May,15,24%,-2.515306782,-2.230197237Pico Water District,36.778261,-119.4179324,25284,298193901.1,11793.77872,Apr,15,24%,-2.515306782,-2.230197237Pico Water District,36.778261,-119.4179324,25284,299994782.6,11865.00485,Jun,15,24%,-2.515306782,-2.230197237Pico Water District,36.778261,-119.4179324,24100,246609748.3,10232.76964,Feb,15,24%,-2.515306782,-2.230197237Pico Water District,36.778261,-119.4179324,24100,262398298.2,10887.89619,Jan,15,24%,-2.515306782,-2.230197237Pico Water District,36.778261,-119.4179324,25284,312354256.8,12353.83076,Jul,15,24%,-2.515306782,-2.230197237Pico Water District,36.778261,-119.4179324,24100,242785958.9,10074.10618,Dec,14,24%,-2.515306782,-2.230197237Pico Water District,36.778261,-119.4179324,24100,289473194.3,12011.33586,Nov,14,24%,-2.515306782,-2.230197237Pico Water District,36.778261,-119.4179324,24100,346077612.6,14360.06691,Oct,14,24%,-2.515306782,-2.230197237Pico Water District,36.778261,-119.4179324,24000,358338408.3,14930.76701,Sep,14,24%,-2.515306782,-2.230197237Pico Water District,36.778261,-119.4179324,24100,369180701.6,15318.70131,Aug,14,24%,-2.515306782,-2.230197237Pico Water District,36.778261,-119.4179324,24100,391975420.5,16264.54027,Jul,14,24%,-2.515306782,-2.230197237Pico Water District,36.778261,-119.4179324,25000,1127371561,45094.86244,Jun,14,24%,-2.515306782,-2.230197237Pico Water District,36.778261,-119.4179324,24100,298107557.5,12369.6082,Mar,15,24%,-2.515306782,-2.230197237Pinedale County Water District,36.778261,-119.4179324,16735,295141907.5,17636.20601,Aug,15,36%,-2.515306782,-2.230197237Pinedale County Water District,36.778261,-119.4179324,16735,306124358.4,18292.46241,Jul,15,36%,-2.515306782,-2.230197237Pinedale County Water District,36.778261,-119.4179324,16735,280005117.9,16731.70707,Jun,15,36%,-2.515306782,-2.230197237Pinedale County Water District,36.778261,-119.4179324,16735,236088987.5,14107.4985,May,15,36%,-2.515306782,-2.230197237Pinedale County Water District,36.778261,-119.4179324,8495,221351619.4,26056.69446,Apr,15,36%,-2.515306782,-2.230197237Pinedale County Water District,36.778261,-119.4179324,8495,138390518.3,16290.82028,Dec,14,36%,-2.515306782,-2.230197237Pinedale County Water District,36.778261,-119.4179324,8495,189631376.5,22322.70471,Mar,15,36%,-2.515306782,-2.230197237Pinedale County Water District,36.778261,-119.4179324,8495,128161955.1,15086.75163,Feb,15,36%,-2.515306782,-2.230197237Pinedale County Water District,36.778261,-119.4179324,8495,141106173.3,16610.49715,Jan,15,36%,-2.515306782,-2.230197237Pinedale County Water District,36.778261,-119.4179324,8495,173313598.7,20401.83622,Nov,14,36%,-2.515306782,-2.230197237Pinedale County Water District,36.778261,-119.4179324,8495,268057674.5,31554.75863,Oct,14,36%,-2.515306782,-2.230197237Pismo Beach  City of,35.1212837,-120.6297305,7705,183171848.3,23773.11464,Mar,15,24%,-2.653207966,-2.330783755Pismo Beach  City of,35.1212837,-120.6297305,7861,194581542.5,24752.77223,May,15,24%,-2.653207966,-2.330783755Pismo Beach  City of,35.1212837,-120.6297305,7861,180211495.2,22924.7545,Apr,15,24%,-2.653207966,-2.330783755Pismo Beach  City of,35.1212837,-120.6297305,7705,157922503.3,20496.10685,Feb,15,24%,-2.653207966,-2.330783755Pismo Beach  City of,35.1212837,-120.6297305,7705,133326902.9,17303.94586,Dec,14,24%,-2.653207966,-2.330783755Pismo Beach  City of,35.1212837,-120.6297305,7861,193138370.4,24569.1859,Jun,15,24%,-2.653207966,-2.330783755Pismo Beach  City of,35.1212837,-120.6297305,7705,239566574.9,31092.35235,Jun,14,24%,-2.653207966,-2.330783755Pismo Beach  City of,35.1212837,-120.6297305,7705,203388593,26396.9621,Aug,14,24%,-2.653207966,-2.330783755Pismo Beach  City of,35.1212837,-120.6297305,7705,167975369,21800.82661,Jan,15,24%,-2.653207966,-2.330783755Pismo Beach  City of,35.1212837,-120.6297305,7705,207964805.5,26990.88975,Oct,14,24%,-2.653207966,-2.330783755Pismo Beach  City of,35.1212837,-120.6297305,7705,203499606.2,26411.37005,Sep,14,24%,-2.653207966,-2.330783755Pismo Beach  City of,35.1212837,-120.6297305,7861,201452028.7,25626.76869,Jul,15,24%,-2.653207966,-2.330783755Pismo Beach  City of,35.1212837,-120.6297305,7861,202512821.9,25761.71249,Aug,15,24%,-2.653207966,-2.330783755Pismo Beach  City of,35.1212837,-120.6297305,7705,168456426.4,21863.26105,Nov,14,24%,-2.653207966,-2.330783755Pismo Beach  City of,35.1212837,-120.6297305,7705,253060851.1,32843.71851,Jul,14,24%,-2.653207966,-2.330783755Pittsburg  City of,38.027976,-121.884681,64967,1233298760,18983.46483,Jul,14,20%,-2.005574725,-1.063085576Pittsburg  City of,38.027976,-121.884681,66183,947488757.3,14316.19536,Jun,15,20%,-2.005574725,-1.063085576Pittsburg  City of,38.027976,-121.884681,66183,1051663310,15890.2333,Aug,15,20%,-2.005574725,-1.063085576Pittsburg  City of,38.027976,-121.884681,66183,860802810.3,13006.40361,Apr,15,20%,-2.005574725,-1.063085576Pittsburg  City of,38.027976,-121.884681,64967,982314552.6,15120.20799,Oct,14,20%,-2.005574725,-1.063085576Pittsburg  City of,38.027976,-121.884681,66183,1024332632,15477.27712,Jul,15,20%,-2.005574725,-1.063085576Pittsburg  City of,38.027976,-121.884681,66183,665475523.5,10055.08248,Feb,15,20%,-2.005574725,-1.063085576Pittsburg  City of,38.027976,-121.884681,64967,1165036416,17932.74148,Aug,14,20%,-2.005574725,-1.063085576Pittsburg  City of,38.027976,-121.884681,66183,914479960,13817.44496,May,15,20%,-2.005574725,-1.063085576Pittsburg  City of,38.027976,-121.884681,64967,1184644853,18234.56297,Jun,14,20%,-2.005574725,-1.063085576Pittsburg  City of,38.027976,-121.884681,64967,1032281998,15889.3284,Sep,14,20%,-2.005574725,-1.063085576Pittsburg  City of,38.027976,-121.884681,66183,724527959.1,10947.34235,Jan,15,20%,-2.005574725,-1.063085576Pittsburg  City of,38.027976,-121.884681,64967,676074678.6,10406.43217,Dec,14,20%,-2.005574725,-1.063085576Pittsburg  City of,38.027976,-121.884681,66183,853610526.5,12897.73094,Mar,15,20%,-2.005574725,-1.063085576Pittsburg  City of,38.027976,-121.884681,64967,763896249.4,11758.21955,Nov,14,20%,-2.005574725,-1.063085576Placer County Water Agency,36.778261,-119.4179324,95717,3681007859,38457.20048,Aug,14,32%,-2.515306782,-2.230197237Placer County Water Agency,36.778261,-119.4179324,95717,3778869793,39479.60961,Jun,14,32%,-2.515306782,-2.230197237Placer County Water Agency,36.778261,-119.4179324,95717,4043919810,42248.71036,Jul,14,32%,-2.515306782,-2.230197237Placer County Water Agency,36.778261,-119.4179324,95717,3227614293,33720.38711,Jul,15,32%,-2.515306782,-2.230197237Placer County Water Agency,36.778261,-119.4179324,95717,2961955449,30944.92566,Jun,15,32%,-2.515306782,-2.230197237Placer County Water Agency,36.778261,-119.4179324,95717,2988579316,31223.07757,Oct,14,32%,-2.515306782,-2.230197237Placer County Water Agency,36.778261,-119.4179324,95717,1960198920,20479.10945,Mar,15,32%,-2.515306782,-2.230197237Placer County Water Agency,36.778261,-119.4179324,95717,1389688086,14518.71753,Feb,15,32%,-2.515306782,-2.230197237Placer County Water Agency,36.778261,-119.4179324,95717,2453898426,25637.01773,May,15,32%,-2.515306782,-2.230197237Placer County Water Agency,36.778261,-119.4179324,95717,2303519378,24065.9379,Apr,15,32%,-2.515306782,-2.230197237Placer County Water Agency,36.778261,-119.4179324,95717,1464901757,15304.50972,Dec,14,32%,-2.515306782,-2.230197237Placer County Water Agency,36.778261,-119.4179324,95717,3546528690,37052.23408,Sep,14,32%,-2.515306782,-2.230197237Placer County Water Agency,36.778261,-119.4179324,95717,3413580951,35663.26725,Aug,15,32%,-2.515306782,-2.230197237Placer County Water Agency,36.778261,-119.4179324,95717,1755329823,18338.74675,Nov,14,32%,-2.515306782,-2.230197237Placer County Water Agency,36.778261,-119.4179324,95717,1559187802,16289.55987,Jan,15,32%,-2.515306782,-2.230197237Pleasanton  City of,37.6677665,-121.8609347,73067,1097065548,15014.51474,Apr,15,24%,-2.127730589,-1.164216068Pleasanton  City of,37.6677665,-121.8609347,73067,1383488788,18934.52294,Jun,15,24%,-2.127730589,-1.164216068Pleasanton  City of,37.6677665,-121.8609347,73067,1297851400,17762.48375,May,15,24%,-2.127730589,-1.164216068Pleasanton  City of,37.6677665,-121.8609347,73067,1083464561,14828.37069,Mar,15,24%,-2.127730589,-1.164216068Pleasanton  City of,37.6677665,-121.8609347,71871,1748292779,24325.42721,Jun,14,24%,-2.127730589,-1.164216068Pleasanton  City of,37.6677665,-121.8609347,73067,763529064.4,10449.71142,Feb,15,24%,-2.127730589,-1.164216068Pleasanton  City of,37.6677665,-121.8609347,73067,814193025.8,11143.10189,Jan,15,24%,-2.127730589,-1.164216068Pleasanton  City of,37.6677665,-121.8609347,73067,1552844359,21252.33497,Jul,15,24%,-2.127730589,-1.164216068Pleasanton  City of,37.6677665,-121.8609347,71871,1412174644,19648.74071,Oct,14,24%,-2.127730589,-1.164216068Pleasanton  City of,37.6677665,-121.8609347,71871,1575511409,21921.37871,Sep,14,24%,-2.127730589,-1.164216068Pleasanton  City of,37.6677665,-121.8609347,71871,1818095786,25296.65353,Aug,14,24%,-2.127730589,-1.164216068Pleasanton  City of,37.6677665,-121.8609347,73067,1619815878,22168.91179,Aug,15,24%,-2.127730589,-1.164216068Pleasanton  City of,37.6677665,-121.8609347,71871,1848617567,25721.32804,Jul,14,24%,-2.127730589,-1.164216068Pleasanton  City of,37.6677665,-121.8609347,71871,1047669700,14577.08533,Nov,14,24%,-2.127730589,-1.164216068Pleasanton  City of,37.6677665,-121.8609347,71871,706282270.6,9827.082838,Dec,14,24%,-2.127730589,-1.164216068Pomona  City of,34.0769084,-117.815856,151713,1711059424,11278.26504,Jan,15,20%,-2.491668675,-1.981523968Pomona  City of,34.0769084,-117.815856,151713,1939429697,12783.54325,Mar,15,20%,-2.491668675,-1.981523968Pomona  City of,34.0769084,-117.815856,151713,1896483608,12500.4687,May,15,20%,-2.491668675,-1.981523968Pomona  City of,34.0769084,-117.815856,152412,2341848996,15365.25337,Aug,15,20%,-2.491668675,-1.981523968Pomona  City of,34.0769084,-117.815856,151713,2070034308,13644.40957,Apr,15,20%,-2.491668675,-1.981523968Pomona  City of,34.0769084,-117.815856,151713,1671748402,11019.15065,Feb,15,20%,-2.491668675,-1.981523968Pomona  City of,34.0769084,-117.815856,150942,2782440816,18433.84092,Jun,14,20%,-2.491668675,-1.981523968Pomona  City of,34.0769084,-117.815856,151713,2028187250,13368.57916,Nov,14,20%,-2.491668675,-1.981523968Pomona  City of,34.0769084,-117.815856,151713,2543028426,16762.09966,Oct,14,20%,-2.491668675,-1.981523968Pomona  City of,34.0769084,-117.815856,151713,2701024938,17803.51676,Sep,14,20%,-2.491668675,-1.981523968Pomona  City of,34.0769084,-117.815856,151713,1552359828,10232.21364,Dec,14,20%,-2.491668675,-1.981523968Pomona  City of,34.0769084,-117.815856,150942,2921796971,19357.08399,Jul,14,20%,-2.491668675,-1.981523968Pomona  City of,34.0769084,-117.815856,152419,2104235021,13805.59524,Jul,15,20%,-2.491668675,-1.981523968Pomona  City of,34.0769084,-117.815856,150942,2788996764,18477.27448,Aug,14,20%,-2.491668675,-1.981523968Pomona  City of,34.0769084,-117.815856,152419,2108675551,13834.72894,Jun,15,20%,-2.491668675,-1.981523968Port Hueneme  City of,34.1495572,-119.1948873,21555,163608848.2,7590.29683,Dec,14,8%,-2.494236431,-1.896603393Port Hueneme  City of,34.1495572,-119.1948873,21555,178373609.3,8275.277628,Jan,15,8%,-2.494236431,-1.896603393Port Hueneme  City of,34.1495572,-119.1948873,21555,192953348.3,8951.674707,Aug,15,8%,-2.494236431,-1.896603393Port Hueneme  City of,34.1495572,-119.1948873,21555,206632646.6,9586.297685,May,15,8%,-2.494236431,-1.896603393Port Hueneme  City of,34.1495572,-119.1948873,21555,218313706.6,10128.2165,Jul,15,8%,-2.494236431,-1.896603393Port Hueneme  City of,34.1495572,-119.1948873,21555,200045861,9280.717279,Nov,14,8%,-2.494236431,-1.896603393Port Hueneme  City of,34.1495572,-119.1948873,21555,165113694.3,7660.11108,Feb,15,8%,-2.494236431,-1.896603393Port Hueneme  City of,34.1495572,-119.1948873,21555,257402702.3,11941.67025,Jul,14,8%,-2.494236431,-1.896603393Port Hueneme  City of,34.1495572,-119.1948873,21555,191855550.7,8900.744639,Apr,15,8%,-2.494236431,-1.896603393Port Hueneme  City of,34.1495572,-119.1948873,21555,199194759.4,9241.232171,Mar,15,8%,-2.494236431,-1.896603393Port Hueneme  City of,34.1495572,-119.1948873,21555,193101366,8958.541682,Jun,15,8%,-2.494236431,-1.896603393Port Hueneme  City of,34.1495572,-119.1948873,21555,250532216.2,11622.92815,Jun,14,8%,-2.494236431,-1.896603393Port Hueneme  City of,34.1495572,-119.1948873,21555,211640577.3,9818.630354,Oct,14,8%,-2.494236431,-1.896603393Port Hueneme  City of,34.1495572,-119.1948873,21555,218794763.9,10150.53417,Sep,14,8%,-2.494236431,-1.896603393Port Hueneme  City of,34.1495572,-119.1948873,21555,246128690.9,11418.63563,Aug,14,8%,-2.494236431,-1.896603393Porterville  City of,36.0708395,-119.0164858,61946,742152839.8,11980.64185,Jan,15,32%,-2.307621976,-2.163520288Porterville  City of,36.0708395,-119.0164858,61946,1871850158,30217.45001,Jun,14,32%,-2.307621976,-2.163520288Porterville  City of,36.0708395,-119.0164858,61946,1187770846,19174.29449,Jul,15,32%,-2.307621976,-2.163520288Porterville  City of,36.0708395,-119.0164858,61946,1162906743,18772.91096,Jun,15,32%,-2.307621976,-2.163520288Porterville  City of,36.0708395,-119.0164858,61946,1142876232,18449.55658,May,15,32%,-2.307621976,-2.163520288Porterville  City of,36.0708395,-119.0164858,61946,1038143331,16758.84368,Apr,15,32%,-2.307621976,-2.163520288Porterville  City of,36.0708395,-119.0164858,61946,751271141.5,12127.83943,Mar,15,32%,-2.307621976,-2.163520288Porterville  City of,36.0708395,-119.0164858,61946,634351861.7,10240.4007,Feb,15,32%,-2.307621976,-2.163520288Porterville  City of,36.0708395,-119.0164858,61946,677145950.4,10931.22963,Dec,14,32%,-2.307621976,-2.163520288Porterville  City of,36.0708395,-119.0164858,61946,953312614.5,15389.41359,Nov,14,32%,-2.307621976,-2.163520288Porterville  City of,36.0708395,-119.0164858,61946,1244891586,20096.39986,Oct,14,32%,-2.307621976,-2.163520288Porterville  City of,36.0708395,-119.0164858,61946,1587405175,25625.62838,Sep,14,32%,-2.307621976,-2.163520288Porterville  City of,36.0708395,-119.0164858,61946,1690558046,27290.83469,Aug,14,32%,-2.307621976,-2.163520288Porterville  City of,36.0708395,-119.0164858,61946,2018221840,32580.34159,Jul,14,32%,-2.307621976,-2.163520288Porterville  City of,36.0708395,-119.0164858,61946,1379461866,22268.78032,Aug,15,32%,-2.307621976,-2.163520288Poway  City of,32.9540748,-117.0425639,48261,1400370366,29016.60483,Oct,14,32%,-2.196009821,-1.563827708Poway  City of,32.9540748,-117.0425639,48261,584176345.7,12104.5222,Dec,14,32%,-2.196009821,-1.563827708Poway  City of,32.9540748,-117.0425639,48261,1030326228,21349.04432,Nov,14,32%,-2.196009821,-1.563827708Poway  City of,32.9540748,-117.0425639,48774,1186719215,24330.97994,Aug,15,32%,-2.196009821,-1.563827708Poway  City of,32.9540748,-117.0425639,48261,1537410045,31856.15808,Sep,14,32%,-2.196009821,-1.563827708Poway  City of,32.9540748,-117.0425639,51789,1670132542,32248.78917,Jun,14,32%,-2.196009821,-1.563827708Poway  City of,32.9540748,-117.0425639,48774,992828422,20355.68996,Jul,15,32%,-2.196009821,-1.563827708Poway  City of,32.9540748,-117.0425639,51789,1739207448,33582.5648,Jul,14,32%,-2.196009821,-1.563827708Poway  City of,32.9540748,-117.0425639,48774,1098167653,22515.43144,Apr,15,32%,-2.196009821,-1.563827708Poway  City of,32.9540748,-117.0425639,48261,767224845.9,15897.4088,Feb,15,32%,-2.196009821,-1.563827708Poway  City of,32.9540748,-117.0425639,48774,838026624.3,17181.83098,May,15,32%,-2.196009821,-1.563827708Poway  City of,32.9540748,-117.0425639,48774,1086326241,22272.6502,Jun,15,32%,-2.196009821,-1.563827708Poway  City of,32.9540748,-117.0425639,48261,629815122.7,13050.18799,Jan,15,32%,-2.196009821,-1.563827708Poway  City of,32.9540748,-117.0425639,51789,1593656754,30772.10902,Aug,14,32%,-2.196009821,-1.563827708Poway  City of,32.9540748,-117.0425639,48261,931031051,19291.58225,Mar,15,32%,-2.196009821,-1.563827708Quartz Hill Water District,36.778261,-119.4179324,20352,932708584.4,45828.84161,Jun,14,36%,-2.515306782,-2.230197237Quartz Hill Water District,36.778261,-119.4179324,17500,859119140.2,49092.5223,Jul,14,36%,-2.515306782,-2.230197237Quartz Hill Water District,36.778261,-119.4179324,20352,455166624.4,22364.71229,Apr,15,36%,-2.515306782,-2.230197237Quartz Hill Water District,36.778261,-119.4179324,20352,612398378.6,30090.32914,Sep,14,36%,-2.515306782,-2.230197237Quartz Hill Water District,36.778261,-119.4179324,20352,507984257.7,24959.91832,Jul,15,36%,-2.515306782,-2.230197237Quartz Hill Water District,36.778261,-119.4179324,20352,595697053.2,29269.70584,Jun,15,36%,-2.515306782,-2.230197237Quartz Hill Water District,36.778261,-119.4179324,20352,466847684.4,22938.66374,May,15,36%,-2.515306782,-2.230197237Quartz Hill Water District,36.778261,-119.4179324,20352,636586930.4,31278.83896,Aug,15,36%,-2.515306782,-2.230197237Quartz Hill Water District,36.778261,-119.4179324,20352,409231812.1,20107.69517,Mar,15,36%,-2.515306782,-2.230197237Quartz Hill Water District,36.778261,-119.4179324,20352,250803581.9,12323.2892,Feb,15,36%,-2.515306782,-2.230197237Quartz Hill Water District,36.778261,-119.4179324,20352,427808027.8,21020.44162,Nov,14,36%,-2.515306782,-2.230197237Quartz Hill Water District,36.778261,-119.4179324,20352,546986909.9,26876.32222,Oct,14,36%,-2.515306782,-2.230197237Quartz Hill Water District,36.778261,-119.4179324,20352,752632772.1,36980.77693,Aug,14,36%,-2.515306782,-2.230197237Quartz Hill Water District,36.778261,-119.4179324,20352,206114584.8,10127.4855,Jan,15,36%,-2.515306782,-2.230197237Quartz Hill Water District,36.778261,-119.4179324,20352,211529564,10393.55169,Dec,14,36%,-2.515306782,-2.230197237Rainbow Municipal Water District,36.778261,-119.4179324,19611,1924352865,98126.19781,Mar,15,36%,-2.515306782,-2.230197237Rainbow Municipal Water District,36.778261,-119.4179324,19495,1073744740,55077.95538,Jun,14,36%,-2.515306782,-2.230197237Rainbow Municipal Water District,36.778261,-119.4179324,19611,2320423441,118322.5456,Apr,15,36%,-2.515306782,-2.230197237Rainbow Municipal Water District,36.778261,-119.4179324,19495,2038573156,104569.0257,Jul,15,36%,-2.515306782,-2.230197237Rainbow Municipal Water District,36.778261,-119.4179324,19495,2537269306,130149.7464,Aug,15,36%,-2.515306782,-2.230197237Rainbow Municipal Water District,36.778261,-119.4179324,19611,598978111.2,30542.96626,Dec,14,36%,-2.515306782,-2.230197237Rainbow Municipal Water District,36.778261,-119.4179324,19495,2317956480,118900.0503,Nov,14,36%,-2.515306782,-2.230197237Rainbow Municipal Water District,36.778261,-119.4179324,19611,1521251451,77571.33501,Feb,15,36%,-2.515306782,-2.230197237Rainbow Municipal Water District,36.778261,-119.4179324,19611,999859260.6,50984.61377,Jan,15,36%,-2.515306782,-2.230197237Rainbow Municipal Water District,36.778261,-119.4179324,19495,1029709488,52819.15813,Jul,14,36%,-2.515306782,-2.230197237Rainbow Municipal Water District,36.778261,-119.4179324,19495,1137885724,58368.08023,Aug,14,36%,-2.515306782,-2.230197237Rainbow Municipal Water District,36.778261,-119.4179324,19611,2905463223,148154.7714,Oct,14,36%,-2.515306782,-2.230197237Rainbow Municipal Water District,36.778261,-119.4179324,19611,1560352782,79565.18186,May,15,36%,-2.515306782,-2.230197237Rainbow Municipal Water District,36.778261,-119.4179324,19611,2651119552,135185.3323,Sep,14,36%,-2.515306782,-2.230197237Rainbow Municipal Water District,36.778261,-119.4179324,19611,2307471896,117662.1231,Jun,15,36%,-2.515306782,-2.230197237Ramona Municipal Water District,36.778261,-119.4179324,33600,335506685,9985.318007,Jan,15,28%,-2.515306782,-2.230197237Ramona Municipal Water District,36.778261,-119.4179324,33600,461074995.8,13722.47011,Apr,15,28%,-2.515306782,-2.230197237Ramona Municipal Water District,36.778261,-119.4179324,36564,514361351.7,14067.42566,Aug,15,28%,-2.515306782,-2.230197237Ramona Municipal Water District,36.778261,-119.4179324,33600,636475917.2,18942.73563,Sep,14,28%,-2.515306782,-2.230197237Ramona Municipal Water District,36.778261,-119.4179324,33600,283700505.7,8443.467432,Dec,14,28%,-2.515306782,-2.230197237Ramona Municipal Water District,36.778261,-119.4179324,33600,366343696.5,10903.08621,Feb,15,28%,-2.515306782,-2.230197237Ramona Municipal Water District,36.778261,-119.4179324,33600,592070620.7,17621.14942,Oct,14,28%,-2.515306782,-2.230197237Ramona Municipal Water District,36.778261,-119.4179324,33600,669779889.6,19933.92529,Jun,14,28%,-2.515306782,-2.230197237Ramona Municipal Water District,36.778261,-119.4179324,33600,620440671.2,18465.49617,Aug,14,28%,-2.515306782,-2.230197237Ramona Municipal Water District,36.778261,-119.4179324,33600,684026588.9,20357.93419,Jul,14,28%,-2.515306782,-2.230197237Ramona Municipal Water District,36.778261,-119.4179324,35100,424317278.1,12088.81134,Mar,15,28%,-2.515306782,-2.230197237Ramona Municipal Water District,36.778261,-119.4179324,33600,395947227.6,11784.14368,May,15,28%,-2.515306782,-2.230197237Ramona Municipal Water District,36.778261,-119.4179324,33600,428017719.5,12738.6226,Jul,15,28%,-2.515306782,-2.230197237Ramona Municipal Water District,36.778261,-119.4179324,33600,482290859.7,14353.89464,Jun,15,28%,-2.515306782,-2.230197237Ramona Municipal Water District,36.778261,-119.4179324,33600,455154289.6,13546.25862,Nov,14,28%,-2.515306782,-2.230197237Rancho California Water District,36.778261,-119.4179324,166194,9471896450,56993.01088,Jun,14,36%,-2.515306782,-2.230197237Rancho California Water District,36.778261,-119.4179324,168962,6321587356,37414.25502,Jul,15,36%,-2.515306782,-2.230197237Rancho California Water District,36.778261,-119.4179324,167551,5167049646,30838.6679,May,15,36%,-2.515306782,-2.230197237Rancho California Water District,36.778261,-119.4179324,166309,9850574951,59230.55849,Jul,14,36%,-2.515306782,-2.230197237Rancho California Water District,36.778261,-119.4179324,166659,6801411255,40810.3448,Apr,15,36%,-2.515306782,-2.230197237Rancho California Water District,36.778261,-119.4179324,168972,7869605333,46573.42834,Aug,15,36%,-2.515306782,-2.230197237Rancho California Water District,36.778261,-119.4179324,166348,9206698151,55346.01048,Aug,14,36%,-2.515306782,-2.230197237Rancho California Water District,36.778261,-119.4179324,166543,2745727503,16486.59808,Jan,15,36%,-2.515306782,-2.230197237Rancho California Water District,36.778261,-119.4179324,166504,2444758271,14682.88012,Dec,14,36%,-2.515306782,-2.230197237Rancho California Water District,36.778261,-119.4179324,166620,5977446308,35874.72277,Mar,15,36%,-2.515306782,-2.230197237Rancho California Water District,36.778261,-119.4179324,166581,4668723540,28026.74699,Feb,15,36%,-2.515306782,-2.230197237Rancho California Water District,36.778261,-119.4179324,166426,8071896128,48501.41281,Oct,14,36%,-2.515306782,-2.230197237Rancho California Water District,36.778261,-119.4179324,166465,5706080607,34277.95997,Nov,14,36%,-2.515306782,-2.230197237Rancho California Water District,36.778261,-119.4179324,168360,7093746124,42134.39133,Jun,15,36%,-2.515306782,-2.230197237Rancho California Water District,36.778261,-119.4179324,166387,8683702436,52189.78908,Sep,14,36%,-2.515306782,-2.230197237Red Bluff  City of,34.1167298,-117.4617761,14076,477623139.5,33931.73767,Aug,15,36%,-2.180931585,-1.730301222Red Bluff  City of,34.1167298,-117.4617761,14076,446154823.4,31696.13693,Jul,15,36%,-2.180931585,-1.730301222Red Bluff  City of,34.1167298,-117.4617761,14076,437532656.8,31083.59312,Jun,15,36%,-2.180931585,-1.730301222Red Bluff  City of,34.1167298,-117.4617761,14076,394818527.3,28049.05707,May,15,36%,-2.180931585,-1.730301222Red Bluff  City of,34.1167298,-117.4617761,14076,310025286.6,22025.0985,Apr,15,36%,-2.180931585,-1.730301222Red Bluff  City of,34.1167298,-117.4617761,14076,268385748.7,19066.90457,Mar,15,36%,-2.180931585,-1.730301222Red Bluff  City of,34.1167298,-117.4617761,14076,185863755.4,13204.30203,Feb,15,36%,-2.180931585,-1.730301222Red Bluff  City of,34.1167298,-117.4617761,14076,207062065.6,14710.29168,Jan,15,36%,-2.180931585,-1.730301222Red Bluff  City of,34.1167298,-117.4617761,14076,197219993,14011.0822,Dec,14,36%,-2.180931585,-1.730301222Red Bluff  City of,34.1167298,-117.4617761,14076,198355616.8,14091.76022,Nov,14,36%,-2.180931585,-1.730301222Red Bluff  City of,34.1167298,-117.4617761,14076,362263979.5,25736.28726,Oct,14,36%,-2.180931585,-1.730301222Red Bluff  City of,34.1167298,-117.4617761,14076,481125933.1,34180.58632,Sep,14,36%,-2.180931585,-1.730301222Red Bluff  City of,34.1167298,-117.4617761,14076,599230804.2,42571.10004,Aug,14,36%,-2.180931585,-1.730301222Red Bluff  City of,34.1167298,-117.4617761,14076,664306633.6,47194.27633,Jul,14,36%,-2.180931585,-1.730301222Redding  City of,40.581071,-122.3908598,91207,3148895417,34524.7121,Aug,15,36%,-1.90440553,-1.334718089Redding  City of,40.581071,-122.3908598,91207,3299024878,36170.74213,Jul,15,36%,-1.90440553,-1.334718089Redding  City of,40.581071,-122.3908598,91207,2914351256,31953.15333,Jun,15,36%,-1.90440553,-1.334718089Redding  City of,40.581071,-122.3908598,91207,2498940084,27398.55586,May,15,36%,-1.90440553,-1.334718089Redding  City of,40.581071,-122.3908598,91207,1969171600,21590.13673,Apr,15,36%,-1.90440553,-1.334718089Redding  City of,40.581071,-122.3908598,91207,1794701937,19677.23899,Mar,15,36%,-1.90440553,-1.334718089Redding  City of,40.581071,-122.3908598,91207,1237829899,13571.65457,Feb,15,36%,-1.90440553,-1.334718089Redding  City of,40.581071,-122.3908598,85703,1321108974,15414.96767,Jan,15,36%,-1.90440553,-1.334718089Redding  City of,40.581071,-122.3908598,85703,1291204215,15066.03287,Dec,14,36%,-1.90440553,-1.334718089Redding  City of,40.581071,-122.3908598,85703,1440728011,16810.70687,Nov,14,36%,-1.90440553,-1.334718089Redding  City of,40.581071,-122.3908598,85703,2220144451,25905.0961,Oct,14,36%,-1.90440553,-1.334718089Redding  City of,40.581071,-122.3908598,90250,3005239011,33299.04721,Sep,14,36%,-1.90440553,-1.334718089Redding  City of,40.581071,-122.3908598,85703,3573429432,41695.49995,Aug,14,36%,-1.90440553,-1.334718089Redding  City of,40.581071,-122.3908598,89861,4336947140,48262.84084,Jul,14,36%,-1.90440553,-1.334718089Redding  City of,40.581071,-122.3908598,85703,4036385385,47097.36398,Jun,14,36%,-1.90440553,-1.334718089Redlands  City of,34.0677961,-117.2261733,77852,3797516291,48778.66068,Jun,14,36%,-1.994248305,-1.370815875Redlands  City of,34.0677961,-117.2261733,77852,2243577608,28818.49674,Mar,15,36%,-1.994248305,-1.370815875Redlands  City of,34.0677961,-117.2261733,77852,3624829027,46560.5126,Oct,14,36%,-1.994248305,-1.370815875Redlands  City of,34.0677961,-117.2261733,77852,3997833518,51351.71245,Jul,14,36%,-1.994248305,-1.370815875Redlands  City of,34.0677961,-117.2261733,77852,3465463352,44513.4788,Sep,14,36%,-1.994248305,-1.370815875Redlands  City of,34.0677961,-117.2261733,77852,2179189928,27991.44438,May,15,36%,-1.994248305,-1.370815875Redlands  City of,34.0677961,-117.2261733,77852,3321516182,42664.49394,Aug,14,36%,-1.994248305,-1.370815875Redlands  City of,34.0677961,-117.2261733,77852,2343119481,30097.10067,Apr,15,36%,-1.994248305,-1.370815875Redlands  City of,34.0677961,-117.2261733,77852,3219384000,41352.61779,Jul,15,36%,-1.994248305,-1.370815875Redlands  City of,34.0677961,-117.2261733,77852,3677375295,47235.46337,Aug,15,36%,-1.994248305,-1.370815875Redlands  City of,34.0677961,-117.2261733,77852,1365092825,17534.46058,Dec,14,36%,-1.994248305,-1.370815875Redlands  City of,34.0677961,-117.2261733,77852,2625956551,33730.11035,Nov,14,36%,-1.994248305,-1.370815875Redlands  City of,34.0677961,-117.2261733,77852,2698238506,34658.56376,Jun,15,36%,-1.994248305,-1.370815875Redlands  City of,34.0677961,-117.2261733,77852,1686784529,21666.55357,Jan,15,36%,-1.994248305,-1.370815875Redlands  City of,34.0677961,-117.2261733,77852,1920529076,24668.97544,Feb,15,36%,-1.994248305,-1.370815875Redwood City  City of,37.780376,-122.4220851,87696,929311539.5,10596.9661,Mar,15,8%,-1.946675025,-1.3123015Redwood City  City of,37.780376,-122.4220851,87696,886989279.7,10114.36416,May,15,8%,-1.946675025,-1.3123015Redwood City  City of,37.780376,-122.4220851,87696,852447950.6,9720.488398,Apr,15,8%,-1.946675025,-1.3123015Redwood City  City of,37.780376,-122.4220851,87696,1107398013,12627.69127,Jul,15,8%,-1.946675025,-1.3123015Redwood City  City of,37.780376,-122.4220851,87696,888198325.3,10128.15095,Jun,15,8%,-1.946675025,-1.3123015Redwood City  City of,37.780376,-122.4220851,87696,716553487.9,8170.879948,Feb,15,8%,-1.946675025,-1.3123015Redwood City  City of,37.780376,-122.4220851,87696,855613554.8,9756.585874,Aug,15,8%,-1.946675025,-1.3123015Redwood City  City of,37.780376,-122.4220851,87696,732528746.4,8353.046278,Jan,15,8%,-1.946675025,-1.3123015Redwood City  City of,37.780376,-122.4220851,87696,655178141.5,7471.015115,Dec,14,8%,-1.946675025,-1.3123015Redwood City  City of,37.780376,-122.4220851,87696,706762200.4,8059.229616,Nov,14,8%,-1.946675025,-1.3123015Redwood City  City of,37.780376,-122.4220851,84557,751406280.8,8886.387653,Oct,14,8%,-1.946675025,-1.3123015Redwood City  City of,37.780376,-122.4220851,84557,948039004.9,11211.8335,Sep,14,8%,-1.946675025,-1.3123015Redwood City  City of,37.780376,-122.4220851,87696,1220569780,13918.19217,Aug,14,8%,-1.946675025,-1.3123015Redwood City  City of,37.780376,-122.4220851,84557,1199197705,14182.12217,Jul,14,8%,-1.946675025,-1.3123015Redwood City  City of,37.780376,-122.4220851,84557,1318250473,15590.08093,Jun,14,8%,-1.946675025,-1.3123015Reedley  City of,32.9655238,-117.2151151,24194,564026467.6,23312.65882,Jul,15,24%,-2.33659312,-1.55698041Reedley  City of,32.9655238,-117.2151151,24194,738155444.2,30509.85551,Jun,14,24%,-2.33659312,-1.55698041Reedley  City of,32.9655238,-117.2151151,24195,581704344.1,24042.33702,Jun,15,24%,-2.33659312,-1.55698041Reedley  City of,32.9655238,-117.2151151,24194,590524355.3,24407.88441,Aug,15,24%,-2.33659312,-1.55698041Reedley  City of,32.9655238,-117.2151151,24194,398868918.7,16486.27423,Apr,15,24%,-2.33659312,-1.55698041Reedley  City of,32.9655238,-117.2151151,24194,334327635,13818.61763,Mar,15,24%,-2.33659312,-1.55698041Reedley  City of,32.9655238,-117.2151151,24194,238480989.7,9857.030241,Feb,15,24%,-2.33659312,-1.55698041Reedley  City of,32.9655238,-117.2151151,24194,249837227.3,10326.41263,Jan,15,24%,-2.33659312,-1.55698041Reedley  City of,32.9655238,-117.2151151,24194,268764289.9,11108.71662,Dec,14,24%,-2.33659312,-1.55698041Reedley  City of,32.9655238,-117.2151151,24194,253622639.8,10482.87343,Nov,14,24%,-2.33659312,-1.55698041Reedley  City of,32.9655238,-117.2151151,24194,495889042,20496.36447,Oct,14,24%,-2.33659312,-1.55698041Reedley  City of,32.9655238,-117.2151151,24194,643520130.8,26598.33557,Sep,14,24%,-2.33659312,-1.55698041Reedley  City of,32.9655238,-117.2151151,24194,564026467.6,23312.65882,Aug,14,24%,-2.33659312,-1.55698041Reedley  City of,32.9655238,-117.2151151,24194,745726269.2,30822.7771,Jul,14,24%,-2.33659312,-1.55698041Reedley  City of,32.9655238,-117.2151151,24194,430249988.6,17783.33424,May,15,24%,-2.33659312,-1.55698041Rialto  City of,34.0995054,-117.3766581,54036,1151404670,21308.1033,Aug,15,28%,-2.126478145,-1.517110356Rialto  City of,34.0995054,-117.3766581,54036,1313002945,24298.67024,Jun,14,28%,-2.126478145,-1.517110356Rialto  City of,34.0995054,-117.3766581,54036,1062606412,19664.78665,Jul,15,28%,-2.126478145,-1.517110356Rialto  City of,34.0995054,-117.3766581,54036,900428400.8,16663.49102,Jun,15,28%,-2.126478145,-1.517110356Rialto  City of,34.0995054,-117.3766581,54036,900428400.8,16663.49102,May,15,28%,-2.126478145,-1.517110356Rialto  City of,34.0995054,-117.3766581,54036,881050422.8,16304.87865,Apr,15,28%,-2.126478145,-1.517110356Rialto  City of,34.0995054,-117.3766581,54036,879150862.8,16269.72505,Mar,15,28%,-2.126478145,-1.517110356Rialto  City of,34.0995054,-117.3766581,54036,748734973.8,13856.225,Feb,15,28%,-2.126478145,-1.517110356Rialto  City of,34.0995054,-117.3766581,54036,856985219,15859.52363,Jan,15,28%,-2.126478145,-1.517110356Rialto  City of,34.0995054,-117.3766581,54036,851274204.5,15753.83456,Dec,14,28%,-2.126478145,-1.517110356Rialto  City of,34.0995054,-117.3766581,54036,948941187.3,17561.27743,Nov,14,28%,-2.126478145,-1.517110356Rialto  City of,34.0995054,-117.3766581,54036,1192615252,22070.7538,Oct,14,28%,-2.126478145,-1.517110356Rialto  City of,34.0995054,-117.3766581,54036,1126772065,20852.24786,Sep,14,28%,-2.126478145,-1.517110356Rialto  City of,34.0995054,-117.3766581,54036,904264525,16734.48303,Aug,14,28%,-2.126478145,-1.517110356Rialto  City of,34.0995054,-117.3766581,54036,1483075231,27446.05875,Jul,14,28%,-2.126478145,-1.517110356Rincon Del Diablo Municipal Water District,36.778261,-119.4179324,29955,604405425.3,20177.11318,Jul,15,32%,-2.515306782,-2.230197237Rincon Del Diablo Municipal Water District,36.778261,-119.4179324,29955,543964882.7,18159.40186,Mar,15,32%,-2.515306782,-2.230197237Rincon Del Diablo Municipal Water District,36.778261,-119.4179324,29955,611806308,20424.17987,Jun,15,32%,-2.515306782,-2.230197237Rincon Del Diablo Municipal Water District,36.778261,-119.4179324,29955,462555172.4,15441.66825,May,15,32%,-2.515306782,-2.230197237Rincon Del Diablo Municipal Water District,36.778261,-119.4179324,29955,627841554,20959.49104,Aug,15,32%,-2.515306782,-2.230197237Rincon Del Diablo Municipal Water District,36.778261,-119.4179324,29955,307136634.5,10253.26772,Dec,14,32%,-2.515306782,-2.230197237Rincon Del Diablo Municipal Water District,36.778261,-119.4179324,29955,429251200,14329.86813,Feb,15,32%,-2.515306782,-2.230197237Rincon Del Diablo Municipal Water District,36.778261,-119.4179324,29955,361409774.7,12065.09012,Jan,15,32%,-2.515306782,-2.230197237Rincon Del Diablo Municipal Water District,36.778261,-119.4179324,29955,632775475.8,21124.20216,Apr,15,32%,-2.515306782,-2.230197237Rincon Del Diablo Municipal Water District,36.778261,-119.4179324,29955,794361416,26518.49161,Aug,14,32%,-2.515306782,-2.230197237Rincon Del Diablo Municipal Water District,36.778261,-119.4179324,29955,881938528.7,29442.11413,Jul,14,32%,-2.515306782,-2.230197237Rincon Del Diablo Municipal Water District,36.778261,-119.4179324,29955,826431908,27589.11394,Sep,14,32%,-2.515306782,-2.230197237Rincon Del Diablo Municipal Water District,36.778261,-119.4179324,29955,735154354,24541.95807,Oct,14,32%,-2.515306782,-2.230197237Rincon Del Diablo Municipal Water District,36.778261,-119.4179324,29955,847401075.8,28289.13623,Jun,14,32%,-2.515306782,-2.230197237Rincon Del Diablo Municipal Water District,36.778261,-119.4179324,29955,551365765.5,18406.46855,Nov,14,32%,-2.515306782,-2.230197237Rio Linda - Elverta Community Water District,36.778261,-119.4179324,11013,245235551.1,22267.82449,May,15,36%,-2.515306782,-2.230197237Rio Linda - Elverta Community Water District,36.778261,-119.4179324,10936,438977522.2,40140.59274,Jul,14,36%,-2.515306782,-2.230197237Rio Linda - Elverta Community Water District,36.778261,-119.4179324,11013,305709140.3,27758.93401,Jun,15,36%,-2.515306782,-2.230197237Rio Linda - Elverta Community Water District,36.778261,-119.4179324,11013,191282406.9,17368.78298,Apr,15,36%,-2.515306782,-2.230197237Rio Linda - Elverta Community Water District,36.778261,-119.4179324,10996,383799857.7,34903.58837,Aug,14,36%,-2.515306782,-2.230197237Rio Linda - Elverta Community Water District,36.778261,-119.4179324,11013,329387281.8,29908.9514,Jul,15,36%,-2.515306782,-2.230197237Rio Linda - Elverta Community Water District,36.778261,-119.4179324,10996,138090092.8,12558.21142,Jan,15,36%,-2.515306782,-2.230197237Rio Linda - Elverta Community Water District,36.778261,-119.4179324,10936,141641445.7,12951.85129,Dec,14,36%,-2.515306782,-2.230197237Rio Linda - Elverta Community Water District,36.778261,-119.4179324,10936,159015168.1,14540.52379,Mar,15,36%,-2.515306782,-2.230197237Rio Linda - Elverta Community Water District,36.778261,-119.4179324,10936,129197802.9,11813.99076,Feb,15,36%,-2.515306782,-2.230197237Rio Linda - Elverta Community Water District,36.778261,-119.4179324,10936,325320230.8,29747.64363,Sep,14,36%,-2.515306782,-2.230197237Rio Linda - Elverta Community Water District,36.778261,-119.4179324,10996,413627576,37616.18552,Jun,14,36%,-2.515306782,-2.230197237Rio Linda - Elverta Community Water District,36.778261,-119.4179324,10936,158987326.4,14537.97791,Nov,14,36%,-2.515306782,-2.230197237Rio Linda - Elverta Community Water District,36.778261,-119.4179324,10936,253636142.4,23192.77088,Oct,14,36%,-2.515306782,-2.230197237Rio Linda - Elverta Community Water District,36.778261,-119.4179324,11013,314287176.5,28537.83497,Aug,15,36%,-2.515306782,-2.230197237"Rio Vista, city of",38.154559,-121.6923665,8324,122310464.4,14693.71269,Jan,15,36%,-2.249706454,-1.452244863"Rio Vista, city of",38.154559,-121.6923665,8324,192809987.4,23163.14121,Nov,14,36%,-2.249706454,-1.452244863"Rio Vista, city of",38.154559,-121.6923665,8324,260133549.4,31251.02707,Jun,15,36%,-2.249706454,-1.452244863"Rio Vista, city of",38.154559,-121.6923665,8324,279371015.9,33562.11147,Oct,14,36%,-2.249706454,-1.452244863"Rio Vista, city of",38.154559,-121.6923665,8324,205812879.5,24725.2378,Mar,15,36%,-2.249706454,-1.452244863"Rio Vista, city of",38.154559,-121.6923665,8324,92871311.12,11157.05323,Dec,14,36%,-2.249706454,-1.452244863"Rio Vista, city of",38.154559,-121.6923665,8324,232889935.3,27978.12774,Jul,15,36%,-2.249706454,-1.452244863"Rio Vista, city of",38.154559,-121.6923665,8324,236542858.4,28416.97002,May,15,36%,-2.249706454,-1.452244863"Rio Vista, city of",38.154559,-121.6923665,8324,219482004.1,26367.37195,Apr,15,36%,-2.249706454,-1.452244863"Rio Vista, city of",38.154559,-121.6923665,8324,420180791.3,50478.23057,Jun,14,36%,-2.249706454,-1.452244863"Rio Vista, city of",38.154559,-121.6923665,8324,107172599.7,12875.13211,Feb,15,36%,-2.249706454,-1.452244863"Rio Vista, city of",38.154559,-121.6923665,8324,317395484.8,38130.16395,Sep,14,36%,-2.249706454,-1.452244863"Rio Vista, city of",38.154559,-121.6923665,8324,342928092.3,41197.51229,Aug,14,36%,-2.249706454,-1.452244863"Rio Vista, city of",38.154559,-121.6923665,8324,420180791.3,50478.23057,Jul,14,36%,-2.249706454,-1.452244863"Rio Vista, city of",38.154559,-121.6923665,8324,254292657.8,30549.33419,Aug,15,36%,-2.249706454,-1.452244863Ripon  City of,37.7425865,-121.1196613,14915,526751510.4,35316.89644,Aug,15,36%,-2.12453567,-1.326115917Ripon  City of,37.7425865,-121.1196613,14915,530147025.4,35544.55417,Jul,15,36%,-2.12453567,-1.326115917Ripon  City of,37.7425865,-121.1196613,14915,475326681.1,31869.03661,Jun,15,36%,-2.12453567,-1.326115917Ripon  City of,37.7425865,-121.1196613,14915,439539391,29469.62058,May,15,36%,-2.12453567,-1.326115917Ripon  City of,37.7425865,-121.1196613,14915,204699968.2,13724.43635,Jan,15,36%,-2.12453567,-1.326115917Ripon  City of,37.7425865,-121.1196613,14915,381228896.3,25560.10032,Apr,15,36%,-2.12453567,-1.326115917Ripon  City of,37.7425865,-121.1196613,14915,329372530,22083.30741,Mar,15,36%,-2.12453567,-1.326115917Ripon  City of,37.7425865,-121.1196613,14915,209109973.8,14020.11222,Feb,15,36%,-2.12453567,-1.326115917Ripon  City of,37.7425865,-121.1196613,14915,541715246.1,36320.164,Sep,14,36%,-2.12453567,-1.326115917Ripon  City of,37.7425865,-121.1196613,14915,191746286.5,12855.93607,Dec,14,36%,-2.12453567,-1.326115917Ripon  City of,37.7425865,-121.1196613,14915,276524385.6,18540.01915,Nov,14,36%,-2.12453567,-1.326115917Ripon  City of,37.7425865,-121.1196613,14915,457989491.7,30706.63706,Oct,14,36%,-2.12453567,-1.326115917Ripon  City of,37.7425865,-121.1196613,14915,632334236.8,42395.85899,Aug,14,36%,-2.12453567,-1.326115917Ripon  City of,37.7425865,-121.1196613,14915,669283648.5,44873.19132,Jul,14,36%,-2.12453567,-1.326115917Ripon  City of,37.7425865,-121.1196613,14915,630301470.3,42259.56891,Jun,14,36%,-2.12453567,-1.326115917Riverbank  City of,38.5962843,-121.5444186,23298,503348575.9,21604.79766,Jun,15,32%,-1.95673677,-1.160347467Riverbank  City of,38.5962843,-121.5444186,23298,536521660.1,23028.6574,Aug,15,32%,-1.95673677,-1.160347467Riverbank  City of,38.5962843,-121.5444186,23298,526184455.6,22584.96247,Jul,15,32%,-1.95673677,-1.160347467Riverbank  City of,38.5962843,-121.5444186,23298,396389473.5,17013.88418,May,15,32%,-1.95673677,-1.160347467Riverbank  City of,38.5962843,-121.5444186,23298,258482730.9,11094.63177,Apr,15,32%,-1.95673677,-1.160347467Riverbank  City of,38.5962843,-121.5444186,23298,188985244.5,8111.650977,Mar,15,32%,-1.95673677,-1.160347467Riverbank  City of,38.5962843,-121.5444186,23298,168079887.3,7214.348328,Feb,15,32%,-1.95673677,-1.160347467Riverbank  City of,38.5962843,-121.5444186,23298,236310055.6,10142.93311,Jan,15,32%,-1.95673677,-1.160347467Riverbank  City of,38.5962843,-121.5444186,23298,158067092.7,6784.57776,Dec,14,32%,-1.95673677,-1.160347467Riverbank  City of,38.5962843,-121.5444186,23298,231255394.2,9925.97623,Nov,14,32%,-1.95673677,-1.160347467Riverbank  City of,38.5962843,-121.5444186,23298,225697613.7,9687.4244,Oct,14,32%,-1.95673677,-1.160347467Riverbank  City of,38.5962843,-121.5444186,23298,563237209.1,24175.34591,Sep,14,32%,-1.95673677,-1.160347467Riverbank  City of,38.5962843,-121.5444186,22201,553824780.8,24945.93851,Jul,14,32%,-1.95673677,-1.160347467Riverbank  City of,38.5962843,-121.5444186,22201,655284814.4,29516.00443,Jun,14,32%,-1.95673677,-1.160347467Riverside  City of,33.9938466,-117.3985893,299307,6738503751,22513.68579,Jul,15,28%,-2.14917764,-1.45968442Riverside  City of,33.9938466,-117.3985893,333669,6119296561,18339.42188,Mar,15,28%,-2.14917764,-1.45968442Riverside  City of,33.9938466,-117.3985893,333192,4024846740,12079.662,Dec,14,28%,-2.14917764,-1.45968442Riverside  City of,33.9938466,-117.3985893,333033,6252512450,18774.45313,Nov,14,28%,-2.14917764,-1.45968442Riverside  City of,33.9938466,-117.3985893,298988,6045287733,20219.16509,May,15,28%,-2.14917764,-1.45968442Riverside  City of,33.9938466,-117.3985893,333351,4938855761,14815.78205,Jan,15,28%,-2.14917764,-1.45968442Riverside  City of,33.9938466,-117.3985893,333510,4274009793,12815.2373,Feb,15,28%,-2.14917764,-1.45968442Riverside  City of,33.9938466,-117.3985893,332398,9549605719,28729.43194,Jul,14,28%,-2.14917764,-1.45968442Riverside  City of,33.9938466,-117.3985893,299147,7064142593,23614.28526,Jun,15,28%,-2.14917764,-1.45968442Riverside  City of,33.9938466,-117.3985893,332239,8721940331,26252.00633,Jun,14,28%,-2.14917764,-1.45968442Riverside  City of,33.9938466,-117.3985893,332557,8419737618,25318.17889,Aug,14,28%,-2.14917764,-1.45968442Riverside  City of,33.9938466,-117.3985893,333829,6361058731,19054.84164,Apr,15,28%,-2.14917764,-1.45968442Riverside  City of,33.9938466,-117.3985893,299467,7368812266,24606.42497,Aug,15,28%,-2.14917764,-1.45968442Riverside  City of,33.9938466,-117.3985893,332874,6689164533,20095.18476,Oct,14,28%,-2.14917764,-1.45968442Riverside  City of,33.9938466,-117.3985893,332715,7532865167,22640.5938,Sep,14,28%,-2.14917764,-1.45968442Riverside Highland Water Company,36.778261,-119.4179324,14781,377321672.6,25527.47937,Jun,15,36%,-2.515306782,-2.230197237Riverside Highland Water Company,36.778261,-119.4179324,14500,425674106.6,29356.83494,Oct,14,36%,-2.515306782,-2.230197237Riverside Highland Water Company,36.778261,-119.4179324,14730,330696111.2,22450.51672,Apr,15,36%,-2.515306782,-2.230197237Riverside Highland Water Company,36.778261,-119.4179324,14909,391753394,26276.3025,Aug,15,36%,-2.515306782,-2.230197237Riverside Highland Water Company,36.778261,-119.4179324,14781,343030915.8,23207.55807,Jul,15,36%,-2.515306782,-2.230197237Riverside Highland Water Company,36.778261,-119.4179324,14781,307506678.6,20804.18636,May,15,36%,-2.515306782,-2.230197237Riverside Highland Water Company,36.778261,-119.4179324,14500,526942852.4,36340.88637,Jun,14,36%,-2.515306782,-2.230197237Riverside Highland Water Company,36.778261,-119.4179324,14500,448986887.3,30964.61292,Sep,14,36%,-2.515306782,-2.230197237Riverside Highland Water Company,36.778261,-119.4179324,14500,470202751.2,32427.77595,Aug,14,36%,-2.515306782,-2.230197237Riverside Highland Water Company,36.778261,-119.4179324,14500,550502329.2,37965.67787,Jul,14,36%,-2.515306782,-2.230197237Riverside Highland Water Company,36.778261,-119.4179324,14500,324898753.1,22406.81056,Nov,14,36%,-2.515306782,-2.230197237Riverside Highland Water Company,36.778261,-119.4179324,14500,211048506.7,14555.06942,Jan,15,36%,-2.515306782,-2.230197237Riverside Highland Water Company,36.778261,-119.4179324,14730,312193904.4,21194.42664,Mar,15,36%,-2.515306782,-2.230197237Riverside Highland Water Company,36.778261,-119.4179324,14500,179101362.7,12351.81812,Dec,14,36%,-2.515306782,-2.230197237Riverside Highland Water Company,36.778261,-119.4179324,14730,228810625.3,15533.64734,Feb,15,36%,-2.515306782,-2.230197237Rohnert Park  City of,38.3498105,-122.7080027,43398,473176566.8,10903.18832,Oct,14,16%,-1.718611262,-1.314503256Rohnert Park  City of,38.3498105,-122.7080027,43398,397468316.1,9158.67819,Apr,15,16%,-1.718611262,-1.314503256Rohnert Park  City of,38.3498105,-122.7080027,43398,302833002.7,6978.040526,Nov,14,16%,-1.718611262,-1.314503256Rohnert Park  City of,38.3498105,-122.7080027,43398,598095180.4,13781.63004,Aug,15,16%,-1.718611262,-1.314503256Rohnert Park  City of,38.3498105,-122.7080027,43398,442893266.5,10205.38427,Jul,15,16%,-1.718611262,-1.314503256Rohnert Park  City of,38.3498105,-122.7080027,43398,503459867.1,11600.99237,Jun,15,16%,-1.718611262,-1.314503256Rohnert Park  City of,38.3498105,-122.7080027,43398,378541253.4,8722.550657,May,15,16%,-1.718611262,-1.314503256Rohnert Park  City of,38.3498105,-122.7080027,43398,359614190.8,8286.423124,Dec,14,16%,-1.718611262,-1.314503256Rohnert Park  City of,38.3498105,-122.7080027,43398,567811880.1,13083.82599,Aug,14,16%,-1.718611262,-1.314503256Rohnert Park  City of,38.3498105,-122.7080027,43398,556455642.5,12822.14947,Sep,14,16%,-1.718611262,-1.314503256Rohnert Park  City of,38.3498105,-122.7080027,43398,654876368.4,15090.01264,Jun,14,16%,-1.718611262,-1.314503256Rohnert Park  City of,38.3498105,-122.7080027,43398,651090955.9,15002.78713,Jul,14,16%,-1.718611262,-1.314503256Rohnert Park  City of,38.3498105,-122.7080027,43398,393682903.6,9071.452684,Feb,15,16%,-1.718611262,-1.314503256Rohnert Park  City of,38.3498105,-122.7080027,43398,295262177.7,6803.589513,Jan,15,16%,-1.718611262,-1.314503256Rohnert Park  City of,38.3498105,-122.7080027,43398,450464091.6,10379.83528,Mar,15,16%,-1.718611262,-1.314503256Rosamond Community Service District,36.778261,-119.4179324,17700,160122950.2,9046.494362,Feb,15,28%,-2.515306782,-2.230197237Rosamond Community Service District,36.778261,-119.4179324,17700,181699801.6,10265.52552,Mar,15,28%,-2.515306782,-2.230197237Rosamond Community Service District,36.778261,-119.4179324,17700,289205517.6,16339.29478,Aug,15,28%,-2.515306782,-2.230197237Rosamond Community Service District,36.778261,-119.4179324,17700,260436382.4,14713.91991,Apr,15,28%,-2.515306782,-2.230197237Rosamond Community Service District,36.778261,-119.4179324,17700,223717880.8,12639.42829,May,15,28%,-2.515306782,-2.230197237Rosamond Community Service District,36.778261,-119.4179324,17700,231667247.1,13088.54503,Nov,14,28%,-2.515306782,-2.230197237Rosamond Community Service District,36.778261,-119.4179324,17700,334251926.8,18884.28965,Oct,14,28%,-2.515306782,-2.230197237Rosamond Community Service District,36.778261,-119.4179324,17700,461820329.2,26091.54402,Jul,14,28%,-2.515306782,-2.230197237Rosamond Community Service District,36.778261,-119.4179324,17700,201005405.6,11356.2376,Dec,14,28%,-2.515306782,-2.230197237Rosamond Community Service District,36.778261,-119.4179324,17700,435322441.4,24594.48822,Jun,14,28%,-2.515306782,-2.230197237Rosamond Community Service District,36.778261,-119.4179324,17700,161637115.2,9132.040408,Jan,15,28%,-2.515306782,-2.230197237Rosamond Community Service District,36.778261,-119.4179324,17700,352043365.7,19889.45569,Aug,14,28%,-2.515306782,-2.230197237Rosamond Community Service District,36.778261,-119.4179324,17700,293369471.4,16574.54641,Jun,15,28%,-2.515306782,-2.230197237Rosamond Community Service District,36.778261,-119.4179324,17700,357342943.2,20188.86685,Sep,14,28%,-2.515306782,-2.230197237Rosamond Community Service District,36.778261,-119.4179324,17700,277092197.5,15654.92641,Jul,15,28%,-2.515306782,-2.230197237Roseville  City of,38.7022519,-121.330231,120652,1482026772,12283.48285,Dec,14,28%,-1.993084197,-1.57204838Roseville  City of,38.7022519,-121.330231,122946,2109251586,17155.91875,Mar,15,28%,-1.993084197,-1.57204838Roseville  City of,38.7022519,-121.330231,120652,3048300260,25265.22776,Oct,14,28%,-1.993084197,-1.57204838Roseville  City of,38.7022519,-121.330231,122946,3379736460,27489.6008,Jul,15,28%,-1.993084197,-1.57204838Roseville  City of,38.7022519,-121.330231,122946,3340265085,27168.55436,Aug,15,28%,-1.993084197,-1.57204838Roseville  City of,38.7022519,-121.330231,122946,2204722974,17932.4498,Apr,15,28%,-1.993084197,-1.57204838Roseville  City of,38.7022519,-121.330231,122946,2610414697,21232.20517,May,15,28%,-1.993084197,-1.57204838Roseville  City of,38.7022519,-121.330231,122946,3004511704,24437.65315,Jun,15,28%,-1.993084197,-1.57204838Roseville  City of,38.7022519,-121.330231,122946,1405921028,11435.27262,Feb,15,28%,-1.993084197,-1.57204838Roseville  City of,38.7022519,-121.330231,122946,1540247050,12527.83376,Jan,15,28%,-1.993084197,-1.57204838Roseville  City of,38.7022519,-121.330231,120652,3739049317,30990.36334,Sep,14,28%,-1.993084197,-1.57204838Roseville  City of,38.7022519,-121.330231,120652,1866996024,15474.22358,Nov,14,28%,-1.993084197,-1.57204838Roseville  City of,38.7022519,-121.330231,118512,4590027487,38730.4871,Jul,14,28%,-1.993084197,-1.57204838Roseville  City of,38.7022519,-121.330231,118512,4370097921,36874.72932,Jun,14,28%,-1.993084197,-1.57204838Roseville  City of,38.7022519,-121.330231,118512,4193463519,35384.29458,Aug,14,28%,-1.993084197,-1.57204838Rowland Water District,36.778261,-119.4179324,62106,977779960.4,15743.72783,Feb,15,20%,-2.515306782,-2.230197237Rowland Water District,36.778261,-119.4179324,62106,924616952.6,14887.72345,Jan,15,20%,-2.515306782,-2.230197237Rowland Water District,36.778261,-119.4179324,62106,1081885711,17419.98698,Jun,15,20%,-2.515306782,-2.230197237Rowland Water District,36.778261,-119.4179324,62106,1063013460,17116.11535,May,15,20%,-2.515306782,-2.230197237Rowland Water District,36.778261,-119.4179324,58000,1373110448,23674.31806,Aug,14,20%,-2.515306782,-2.230197237Rowland Water District,36.778261,-119.4179324,62106,1077938574,17356.43213,Apr,15,20%,-2.515306782,-2.230197237Rowland Water District,36.778261,-119.4179324,62106,1138132420,18325.64358,Jul,15,20%,-2.515306782,-2.230197237Rowland Water District,36.778261,-119.4179324,62106,1311189729,21112.1265,Jun,14,20%,-2.515306782,-2.230197237Rowland Water District,36.778261,-119.4179324,62106,888105931,14299.84109,Dec,14,20%,-2.515306782,-2.230197237Rowland Water District,36.778261,-119.4179324,62106,1306255807,21032.68294,Sep,14,20%,-2.515306782,-2.230197237Rowland Water District,36.778261,-119.4179324,62106,1129251361,18182.64517,Mar,15,20%,-2.515306782,-2.230197237Rowland Water District,36.778261,-119.4179324,62106,1245568568,20055.52713,Oct,14,20%,-2.515306782,-2.230197237Rowland Water District,36.778261,-119.4179324,62106,1167119211,18792.3745,Aug,15,20%,-2.515306782,-2.230197237Rowland Water District,36.778261,-119.4179324,62106,1062273372,17104.19882,Nov,14,20%,-2.515306782,-2.230197237Rowland Water District,36.778261,-119.4179324,58000,1344493701,23180.92588,Jul,14,20%,-2.515306782,-2.230197237Rubidoux Community Service District,36.778261,-119.4179324,32000,583899883.4,18246.87136,Aug,15,28%,-2.515306782,-2.230197237Rubidoux Community Service District,36.778261,-119.4179324,29900,507358842,16968.52314,Mar,15,28%,-2.515306782,-2.230197237Rubidoux Community Service District,36.778261,-119.4179324,29900,505239010.9,16897.62578,Nov,14,28%,-2.515306782,-2.230197237Rubidoux Community Service District,36.778261,-119.4179324,29900,432294111.4,14457.99704,Jan,15,28%,-2.515306782,-2.230197237Rubidoux Community Service District,36.778261,-119.4179324,29900,527080841.3,17628.12178,Apr,15,28%,-2.515306782,-2.230197237Rubidoux Community Service District,36.778261,-119.4179324,29900,683910482.6,22873.26029,Jun,14,28%,-2.515306782,-2.230197237Rubidoux Community Service District,36.778261,-119.4179324,29900,610019229.9,20401.98093,Oct,14,28%,-2.515306782,-2.230197237Rubidoux Community Service District,36.778261,-119.4179324,29900,635608618.6,21257.81333,Sep,14,28%,-2.515306782,-2.230197237Rubidoux Community Service District,36.778261,-119.4179324,29900,368547764.3,12326.01219,Dec,14,28%,-2.515306782,-2.230197237Rubidoux Community Service District,36.778261,-119.4179324,29900,583748466.9,19523.3601,Jun,15,28%,-2.515306782,-2.230197237Rubidoux Community Service District,36.778261,-119.4179324,29900,674598367.7,22561.81832,Aug,14,28%,-2.515306782,-2.230197237Rubidoux Community Service District,36.778261,-119.4179324,29900,511484941.6,17106.51979,Jul,15,28%,-2.515306782,-2.230197237Rubidoux Community Service District,36.778261,-119.4179324,29900,493012128.5,16488.69995,May,15,28%,-2.515306782,-2.230197237Rubidoux Community Service District,36.778261,-119.4179324,29900,746521205.9,24967.26441,Jul,14,28%,-2.515306782,-2.230197237Rubidoux Community Service District,36.778261,-119.4179324,29900,398717502.2,13335.03352,Feb,15,28%,-2.515306782,-2.230197237Rubio Canyon Land and Water Association,36.778261,-119.4179324,9600,215859080.4,22485.32088,Aug,15,36%,-2.515306782,-2.230197237Rubio Canyon Land and Water Association,36.778261,-119.4179324,9600,196123393.1,20429.52011,Jul,15,36%,-2.515306782,-2.230197237Rubio Canyon Land and Water Association,36.778261,-119.4179324,9600,192422951.7,20044.05747,Jun,15,36%,-2.515306782,-2.230197237Rubio Canyon Land and Water Association,36.778261,-119.4179324,9600,183788588.5,19144.64463,Mar,15,36%,-2.515306782,-2.230197237Rubio Canyon Land and Water Association,36.778261,-119.4179324,9600,162819420.7,16960.35632,May,15,36%,-2.515306782,-2.230197237Rubio Canyon Land and Water Association,36.778261,-119.4179324,9600,113480202.3,11820.85441,Dec,14,36%,-2.515306782,-2.230197237Rubio Canyon Land and Water Association,36.778261,-119.4179324,9600,136916331,14262.11782,Feb,15,36%,-2.515306782,-2.230197237Rubio Canyon Land and Water Association,36.778261,-119.4179324,9600,261497857.5,27239.36015,Sep,14,36%,-2.515306782,-2.230197237Rubio Canyon Land and Water Association,36.778261,-119.4179324,9600,265198298.8,27624.8228,Jun,14,36%,-2.515306782,-2.230197237Rubio Canyon Land and Water Association,36.778261,-119.4179324,9600,272599181.6,28395.74808,Aug,14,36%,-2.515306782,-2.230197237Rubio Canyon Land and Water Association,36.778261,-119.4179324,9600,193656432.2,20172.54502,Nov,14,36%,-2.515306782,-2.230197237Rubio Canyon Land and Water Association,36.778261,-119.4179324,9600,257797416.1,26853.89751,Oct,14,36%,-2.515306782,-2.230197237Rubio Canyon Land and Water Association,36.778261,-119.4179324,9600,135682850.6,14133.63027,Jan,15,36%,-2.515306782,-2.230197237Rubio Canyon Land and Water Association,36.778261,-119.4179324,9600,189955990.8,19787.08237,Apr,15,36%,-2.515306782,-2.230197237Rubio Canyon Land and Water Association,36.778261,-119.4179324,9600,286167466.7,29809.11111,Jul,14,36%,-2.515306782,-2.230197237Sacramento  City of,37.794325,-122.3970721,480155,8221916024,17123.46227,Apr,15,28%,-1.993237047,-1.292135067Sacramento  City of,37.794325,-122.3970721,480155,11730993444,24431.68028,Jul,15,28%,-1.993237047,-1.292135067Sacramento  City of,37.794325,-122.3970721,466488,10247111730,21966.5066,Oct,14,28%,-1.993237047,-1.292135067Sacramento  City of,37.794325,-122.3970721,475122,11825628757,24889.66783,Sep,14,28%,-1.993237047,-1.292135067Sacramento  City of,37.794325,-122.3970721,475122,5837106128,12285.48905,Feb,15,28%,-1.993237047,-1.292135067Sacramento  City of,37.794325,-122.3970721,475122,7903941372,16635.60385,Mar,15,28%,-1.993237047,-1.292135067Sacramento  City of,37.794325,-122.3970721,480155,11572006117,24100.5636,Aug,15,28%,-1.993237047,-1.292135067Sacramento  City of,37.794325,-122.3970721,475122,6427630483,13528.37899,Jan,15,28%,-1.993237047,-1.292135067Sacramento  City of,37.794325,-122.3970721,475122,6507124146,13695.6911,Dec,14,28%,-1.993237047,-1.292135067Sacramento  City of,37.794325,-122.3970721,475122,13491210272,28395.25484,Jun,14,28%,-1.993237047,-1.292135067Sacramento  City of,37.794325,-122.3970721,475122,14040095090,29550.50511,Jul,14,28%,-1.993237047,-1.292135067Sacramento  City of,37.794325,-122.3970721,466488,7237708766,15515.31608,Nov,14,28%,-1.993237047,-1.292135067Sacramento  City of,37.794325,-122.3970721,480155,9402964735,19583.18613,May,15,28%,-1.993237047,-1.292135067Sacramento  City of,37.794325,-122.3970721,475122,13116454431,27606.49777,Aug,14,28%,-1.993237047,-1.292135067Sacramento  City of,37.794325,-122.3970721,480155,10743000772,22374.02666,Jun,15,28%,-1.993237047,-1.292135067Sacramento County Water Agency,36.778261,-119.4179324,163226,1802451664,11042.67497,Feb,15,32%,-2.515306782,-2.230197237Sacramento County Water Agency,36.778261,-119.4179324,173263,3868782801,22328.96118,Jul,15,32%,-2.515306782,-2.230197237Sacramento County Water Agency,36.778261,-119.4179324,162681,2013991619,12380.00516,Jan,15,32%,-2.515306782,-2.230197237Sacramento County Water Agency,36.778261,-119.4179324,162301,2459560037,15154.31228,Nov,14,32%,-2.515306782,-2.230197237Sacramento County Water Agency,36.778261,-119.4179324,173333,3868388864,22317.67098,Aug,15,32%,-2.515306782,-2.230197237Sacramento County Water Agency,36.778261,-119.4179324,173199,3404542298,19656.82422,Jun,14,32%,-2.515306782,-2.230197237Sacramento County Water Agency,36.778261,-119.4179324,173199,3404542298,19656.82422,Jun,15,32%,-2.515306782,-2.230197237Sacramento County Water Agency,36.778261,-119.4179324,162600,1930569008,11873.11813,Dec,14,32%,-2.515306782,-2.230197237Sacramento County Water Agency,36.778261,-119.4179324,163479,2870221159,17557.12452,Apr,15,32%,-2.515306782,-2.230197237Sacramento County Water Agency,36.778261,-119.4179324,163449,2780153862,17009.30481,Mar,15,32%,-2.515306782,-2.230197237Sacramento County Water Agency,36.778261,-119.4179324,161923,3759648441,23218.7425,Oct,14,32%,-2.515306782,-2.230197237Sacramento County Water Agency,36.778261,-119.4179324,172760,3350203636,19392.24147,May,15,32%,-2.515306782,-2.230197237Sacramento County Water Agency,36.778261,-119.4179324,170589,4819782331,28253.76977,Aug,14,32%,-2.515306782,-2.230197237Sacramento County Water Agency,36.778261,-119.4179324,170611,5263420544,30850.41729,Jul,14,32%,-2.515306782,-2.230197237Sacramento County Water Agency,36.778261,-119.4179324,170672,4132444298,24212.78416,Sep,14,32%,-2.515306782,-2.230197237Sacramento Suburban Water District,36.778261,-119.4179324,174784,4002396166,22899.09927,Aug,15,32%,-2.515306782,-2.230197237Sacramento Suburban Water District,36.778261,-119.4179324,174092,4410902745,25336.6194,Sep,14,32%,-2.515306782,-2.230197237Sacramento Suburban Water District,36.778261,-119.4179324,173967,5031740684,28923.53541,Jul,14,32%,-2.515306782,-2.230197237Sacramento Suburban Water District,36.778261,-119.4179324,174721,3878904653,22200.56349,Jul,15,32%,-2.515306782,-2.230197237Sacramento Suburban Water District,36.778261,-119.4179324,173904,5349594204,30761.76628,Jun,14,32%,-2.515306782,-2.230197237Sacramento Suburban Water District,36.778261,-119.4179324,174155,3644163651,20924.82932,Oct,14,32%,-2.515306782,-2.230197237Sacramento Suburban Water District,36.778261,-119.4179324,174658,3595426465,20585.52408,Jun,15,32%,-2.515306782,-2.230197237Sacramento Suburban Water District,36.778261,-119.4179324,174532,2658892691,15234.4137,Apr,15,32%,-2.515306782,-2.230197237Sacramento Suburban Water District,36.778261,-119.4179324,174469,2620342050,15018.95494,Mar,15,32%,-2.515306782,-2.230197237Sacramento Suburban Water District,36.778261,-119.4179324,174406,1897578093,10880.23401,Feb,15,32%,-2.515306782,-2.230197237Sacramento Suburban Water District,36.778261,-119.4179324,174281,2143739685,12300.47845,Dec,14,32%,-2.515306782,-2.230197237Sacramento Suburban Water District,36.778261,-119.4179324,174343,1936480778,11107.30444,Jan,15,32%,-2.515306782,-2.230197237Sacramento Suburban Water District,36.778261,-119.4179324,174218,2173814787,12477.55563,Nov,14,32%,-2.515306782,-2.230197237Sacramento Suburban Water District,36.778261,-119.4179324,174030,4699063489,27001.45658,Aug,14,32%,-2.515306782,-2.230197237Sacramento Suburban Water District,36.778261,-119.4179324,174595,2736663992,15674.35489,May,15,32%,-2.515306782,-2.230197237San Bernardino  City of,34.0777852,-117.3709231,198163,3889642480,19628.50017,Apr,15,28%,-2.127733033,-1.492019484San Bernardino  City of,34.0777852,-117.3709231,198163,4206971363,21229.85302,Jun,15,28%,-2.127733033,-1.492019484San Bernardino  City of,34.0777852,-117.3709231,198163,3725733896,18801.35997,Mar,15,28%,-2.127733033,-1.492019484San Bernardino  City of,34.0777852,-117.3709231,198163,3047288806,15377.6881,Jan,15,28%,-2.127733033,-1.492019484San Bernardino  City of,34.0777852,-117.3709231,198163,4296229710,21680.28194,Jul,15,28%,-2.127733033,-1.492019484San Bernardino  City of,34.0777852,-117.3709231,198163,3681322432,18577.24415,May,15,28%,-2.127733033,-1.492019484San Bernardino  City of,34.0777852,-117.3709231,196704,5146570170,26164.03413,Aug,14,28%,-2.127733033,-1.492019484San Bernardino  City of,34.0777852,-117.3709231,198163,4479125259,22603.23702,Aug,15,28%,-2.127733033,-1.492019484San Bernardino  City of,34.0777852,-117.3709231,198163,3030996996,15295.47391,Feb,15,28%,-2.127733033,-1.492019484San Bernardino  City of,34.0777852,-117.3709231,196704,5989450540,30449.05309,Jul,14,28%,-2.127733033,-1.492019484San Bernardino  City of,34.0777852,-117.3709231,187690,5992109923,31925.56835,Jun,14,28%,-2.127733033,-1.492019484San Bernardino  City of,34.0777852,-117.3709231,196704,2748364685,13972.08336,Dec,14,28%,-2.127733033,-1.492019484San Bernardino  City of,34.0777852,-117.3709231,196704,3831823083,19480.14826,Nov,14,28%,-2.127733033,-1.492019484San Bernardino  City of,34.0777852,-117.3709231,196704,4548369151,23122.91133,Oct,14,28%,-2.127733033,-1.492019484San Bernardino  City of,34.0777852,-117.3709231,196704,4715308396,23971.59385,Sep,14,28%,-2.127733033,-1.492019484San Bernardino County Service Area 64,34.2508062,-117.328746,14031,320482893,22841.05859,Jul,15,32%,-2.321539661,-2.054601581San Bernardino County Service Area 64,34.2508062,-117.328746,14031,261744553.5,18654.73263,Apr,15,32%,-2.321539661,-2.054601581San Bernardino County Service Area 64,34.2508062,-117.328746,14031,158502239.1,11296.57466,Feb,15,32%,-2.321539661,-2.054601581San Bernardino County Service Area 64,34.2508062,-117.328746,14031,143971839.3,10260.98206,Jan,15,32%,-2.321539661,-2.054601581San Bernardino County Service Area 64,34.2508062,-117.328746,14031,171848497.6,12247.77262,Dec,14,32%,-2.321539661,-2.054601581San Bernardino County Service Area 64,34.2508062,-117.328746,14031,237889041.5,16954.53221,Mar,15,32%,-2.321539661,-2.054601581San Bernardino County Service Area 64,34.2508062,-117.328746,14031,319755139.6,22789.19105,Oct,14,32%,-2.321539661,-2.054601581San Bernardino County Service Area 64,34.2508062,-117.328746,14031,357104927.9,25451.13876,Sep,14,32%,-2.321539661,-2.054601581San Bernardino County Service Area 64,34.2508062,-117.328746,14031,412229169.6,29379.88523,Aug,14,32%,-2.321539661,-2.054601581San Bernardino County Service Area 64,34.2508062,-117.328746,14031,245215915.4,17476.72407,Nov,14,32%,-2.321539661,-2.054601581San Bernardino County Service Area 64,34.2508062,-117.328746,14031,296726059.4,21147.89105,Aug,15,32%,-2.321539661,-2.054601581San Bernardino County Service Area 64,34.2508062,-117.328746,14031,460297903.1,32805.78028,Jul,14,32%,-2.321539661,-2.054601581San Bernardino County Service Area 64,34.2508062,-117.328746,14031,320112848.9,22814.68526,Jun,15,32%,-2.321539661,-2.054601581San Bernardino County Service Area 64,34.2508062,-117.328746,14031,296158658.4,21107.45195,May,15,32%,-2.321539661,-2.054601581San Bernardino County Service Area 64,34.2508062,-117.328746,14031,424711991.9,30269.54543,Jun,14,32%,-2.321539661,-2.054601581San Bernardino County Service Area 70,34.2649253,-116.3932284,11407,191164801.6,16758.55191,Aug,15,28%,-2.230637193,-1.640996722San Bernardino County Service Area 70,34.2649253,-116.3932284,11407,194014141.5,17008.34062,Jul,15,28%,-2.230637193,-1.640996722San Bernardino County Service Area 70,34.2649253,-116.3932284,11407,201316345.8,17648.49179,Jun,15,28%,-2.230637193,-1.640996722San Bernardino County Service Area 70,34.2649253,-116.3932284,11407,165545412.5,14512.61616,May,15,28%,-2.230637193,-1.640996722San Bernardino County Service Area 70,34.2649253,-116.3932284,11407,520872764.7,45662.55499,Apr,15,28%,-2.230637193,-1.640996722San Bernardino County Service Area 70,34.2649253,-116.3932284,11407,149954219.5,13145.80692,Mar,15,28%,-2.230637193,-1.640996722San Bernardino County Service Area 70,34.2649253,-116.3932284,11407,105450244.5,9244.345095,Feb,15,28%,-2.230637193,-1.640996722San Bernardino County Service Area 70,34.2649253,-116.3932284,11407,98875793.65,8667.992781,Jan,15,28%,-2.230637193,-1.640996722San Bernardino County Service Area 70,34.2649253,-116.3932284,10174,99110154.94,9741.513165,Dec,14,28%,-2.230637193,-1.640996722San Bernardino County Service Area 70,34.2649253,-116.3932284,11407,140419415.5,12309.93386,Nov,14,28%,-2.230637193,-1.640996722San Bernardino County Service Area 70,34.2649253,-116.3932284,11407,182962156.6,16039.46319,Oct,14,28%,-2.230637193,-1.640996722San Bernardino County Service Area 70,34.2649253,-116.3932284,11407,212306656.7,18611.96254,Sep,14,28%,-2.230637193,-1.640996722San Bernardino County Service Area 70,34.2649253,-116.3932284,11407,252456445.7,22131.71261,Aug,14,28%,-2.230637193,-1.640996722San Bernardino County Service Area 70,34.2649253,-116.3932284,11407,264211514.5,23162.22622,Jul,14,28%,-2.230637193,-1.640996722San Bernardino County Service Area 70,34.2649253,-116.3932284,11407,254738384.5,22331.75984,Jun,14,28%,-2.230637193,-1.640996722San Bruno  City of,37.6141194,-122.4149108,43798,337097209.4,7696.634764,Jul,15,8%,-2.128507172,-1.336735736San Bruno  City of,37.6141194,-122.4149108,43798,394182850.6,9000.01942,Aug,14,8%,-2.128507172,-1.336735736San Bruno  City of,37.6141194,-122.4149108,43798,283644368.1,6476.194531,Apr,15,8%,-2.128507172,-1.336735736San Bruno  City of,37.6141194,-122.4149108,43798,273584089.2,6246.497309,Feb,15,8%,-2.128507172,-1.336735736San Bruno  City of,37.6141194,-122.4149108,43798,308490680.3,7043.487838,Mar,15,8%,-2.128507172,-1.336735736San Bruno  City of,37.6141194,-122.4149108,43798,282438153.9,6448.654138,Jun,15,8%,-2.128507172,-1.336735736San Bruno  City of,37.6141194,-122.4149108,43798,341698378.3,7801.68908,May,15,8%,-2.128507172,-1.336735736San Bruno  City of,37.6141194,-122.4149108,43798,322472570.9,7362.723661,Aug,15,8%,-2.128507172,-1.336735736San Bruno  City of,37.6141194,-122.4149108,43798,257212422.2,5872.697891,Dec,14,8%,-2.128507172,-1.336735736San Bruno  City of,37.6141194,-122.4149108,43798,349833245,7987.425111,Nov,14,8%,-2.128507172,-1.336735736San Bruno  City of,37.6141194,-122.4149108,43798,441695228.9,10084.82645,Jul,14,8%,-2.128507172,-1.336735736San Bruno  City of,37.6141194,-122.4149108,43798,445112835.6,10162.85756,Jun,14,8%,-2.128507172,-1.336735736San Bruno  City of,37.6141194,-122.4149108,43798,328902881.5,7509.541108,Oct,14,8%,-2.128507172,-1.336735736San Bruno  City of,37.6141194,-122.4149108,43798,305548763.7,6976.317724,Jan,15,8%,-2.128507172,-1.336735736San Bruno  City of,37.6141194,-122.4149108,43798,419867283.4,9586.448775,Sep,14,8%,-2.128507172,-1.336735736San Buenaventura  City of,34.2747414,-119.2721888,113478,1941387230,17108.0494,Jul,14,16%,-2.493688847,-1.949824642San Buenaventura  City of,34.2747414,-119.2721888,113478,1279156241,11272.28398,Aug,15,16%,-2.493688847,-1.949824642San Buenaventura  City of,34.2747414,-119.2721888,113478,1441321917,12701.33345,May,15,16%,-2.493688847,-1.949824642San Buenaventura  City of,34.2747414,-119.2721888,113478,1879108802,16559.23441,Jun,14,16%,-2.493688847,-1.949824642San Buenaventura  City of,34.2747414,-119.2721888,113478,1184141241,10434.98512,Dec,14,16%,-2.493688847,-1.949824642San Buenaventura  City of,34.2747414,-119.2721888,113478,1531859383,13499.17502,Apr,15,16%,-2.493688847,-1.949824642San Buenaventura  City of,34.2747414,-119.2721888,113478,1256842580,11075.64973,Jul,15,16%,-2.493688847,-1.949824642San Buenaventura  City of,34.2747414,-119.2721888,113478,1353128064,11924.14445,Jan,15,16%,-2.493688847,-1.949824642San Buenaventura  City of,34.2747414,-119.2721888,113478,1876123779,16532.92955,Aug,14,16%,-2.493688847,-1.949824642San Buenaventura  City of,34.2747414,-119.2721888,113478,1527048809,13456.78289,Mar,15,16%,-2.493688847,-1.949824642San Buenaventura  City of,34.2747414,-119.2721888,113478,1170572956,10315.41758,Jun,15,16%,-2.493688847,-1.949824642San Buenaventura  City of,34.2747414,-119.2721888,113478,1700969554,14989.42133,Oct,14,16%,-2.493688847,-1.949824642San Buenaventura  City of,34.2747414,-119.2721888,113478,1480176552,13043.7314,Nov,14,16%,-2.493688847,-1.949824642San Buenaventura  City of,34.2747414,-119.2721888,113478,1245815264,10978.47393,Feb,15,16%,-2.493688847,-1.949824642San Buenaventura  City of,34.2747414,-119.2721888,113478,1776211862,15652.47768,Sep,14,16%,-2.493688847,-1.949824642San Clemente  City of,33.7572223,-118.2655832,50960,885638970.1,17379.10067,Mar,15,24%,-2.558739908,-1.848377462San Clemente  City of,33.7572223,-118.2655832,50960,697286503.9,13683.01617,Feb,15,24%,-2.558739908,-1.848377462San Clemente  City of,33.7572223,-118.2655832,50960,937938541.6,18405.38739,Apr,15,24%,-2.558739908,-1.848377462San Clemente  City of,33.7572223,-118.2655832,50960,869973768.2,17071.69875,Jun,15,24%,-2.558739908,-1.848377462San Clemente  City of,33.7572223,-118.2655832,50960,821251290.1,16115.60616,May,15,24%,-2.558739908,-1.848377462San Clemente  City of,33.7572223,-118.2655832,50960,830995785.7,16306.82468,Jul,15,24%,-2.558739908,-1.848377462San Clemente  City of,33.7572223,-118.2655832,50960,547788672.2,10749.38525,Dec,14,24%,-2.558739908,-1.848377462San Clemente  City of,33.7572223,-118.2655832,50960,824705035.4,16183.37981,Nov,14,24%,-2.558739908,-1.848377462San Clemente  City of,33.7572223,-118.2655832,50960,1058449582,20770.20374,Oct,14,24%,-2.558739908,-1.848377462San Clemente  City of,33.7572223,-118.2655832,50960,611929656.1,12008.03878,Jan,15,24%,-2.558739908,-1.848377462San Clemente  City of,33.7572223,-118.2655832,50960,1340299868,26301.01781,Jul,14,24%,-2.558739908,-1.848377462San Clemente  City of,33.7572223,-118.2655832,50960,1297991488,25470.79058,Jun,14,24%,-2.558739908,-1.848377462San Clemente  City of,33.7572223,-118.2655832,50960,1205233757,23650.58393,Sep,14,24%,-2.558739908,-1.848377462San Clemente  City of,33.7572223,-118.2655832,50960,891436328.2,17492.86358,Aug,15,24%,-2.558739908,-1.848377462San Clemente  City of,33.7572223,-118.2655832,50960,1285656683,25228.74182,Aug,14,24%,-2.558739908,-1.848377462San Diego  City of,32.5571394,-117.0547593,1314290,19005713619,14460.8219,Aug,15,16%,-2.336902336,-1.590376001San Diego  City of,32.5571394,-117.0547593,1292496,17636303613,13645.15141,Nov,14,16%,-2.336902336,-1.590376001San Diego  City of,32.5571394,-117.0547593,1292496,22367934656,17305.99913,Sep,14,16%,-2.336902336,-1.590376001San Diego  City of,32.5571394,-117.0547593,1292496,13014328982,10069.14449,Dec,14,16%,-2.336902336,-1.590376001San Diego  City of,32.5571394,-117.0547593,1324305,23186965681,17508.78059,Jun,14,16%,-2.336902336,-1.590376001San Diego  City of,32.5571394,-117.0547593,1314290,17447827799,13275.47786,Jun,15,16%,-2.336902336,-1.590376001San Diego  City of,32.5571394,-117.0547593,1314290,16005519097,12178.07265,May,15,16%,-2.336902336,-1.590376001San Diego  City of,32.5571394,-117.0547593,1314290,18351722279,13963.22142,Apr,15,16%,-2.336902336,-1.590376001San Diego  City of,32.5571394,-117.0547593,1314290,17323863012,13181.15714,Jul,15,16%,-2.336902336,-1.590376001San Diego  City of,32.5571394,-117.0547593,1292496,15550118111,12031.07639,Jan,15,16%,-2.336902336,-1.590376001San Diego  City of,32.5571394,-117.0547593,1292496,21551370592,16674.22614,Oct,14,16%,-2.336902336,-1.590376001San Diego  City of,32.5571394,-117.0547593,1292496,17784321268,13759.67219,Mar,15,16%,-2.336902336,-1.590376001San Diego  City of,32.5571394,-117.0547593,1324305,24482120164,18486.76866,Jul,14,16%,-2.336902336,-1.590376001San Diego  City of,32.5571394,-117.0547593,1292496,15043527687,11639.12901,Feb,15,16%,-2.336902336,-1.590376001San Diego  City of,32.5571394,-117.0547593,1324305,23009344495,17374.65651,Aug,14,16%,-2.336902336,-1.590376001San Dieguito Water District,36.778261,-119.4179324,37168,640423054.7,17230.49544,Jun,15,28%,-2.515306782,-2.230197237San Dieguito Water District,36.778261,-119.4179324,36959,595894410.1,16123.12049,Nov,14,28%,-2.515306782,-2.230197237San Dieguito Water District,36.778261,-119.4179324,36959,759947311.2,20561.90133,Oct,14,28%,-2.515306782,-2.230197237San Dieguito Water District,36.778261,-119.4179324,36959,892176416.5,24139.62544,Jun,14,28%,-2.515306782,-2.230197237San Dieguito Water District,36.778261,-119.4179324,37168,606625690.1,16321.18193,Jul,15,28%,-2.515306782,-2.230197237San Dieguito Water District,36.778261,-119.4179324,36959,436405386.6,11807.82453,Dec,14,28%,-2.515306782,-2.230197237San Dieguito Water District,36.778261,-119.4179324,37168,592070620.7,15929.57976,May,15,28%,-2.515306782,-2.230197237San Dieguito Water District,36.778261,-119.4179324,37168,656211604.6,17655.28424,Aug,15,28%,-2.515306782,-2.230197237San Dieguito Water District,36.778261,-119.4179324,36959,436405386.6,11807.82453,Jan,15,28%,-2.515306782,-2.230197237San Dieguito Water District,36.778261,-119.4179324,36959,774132336.5,20945.70569,Sep,14,28%,-2.515306782,-2.230197237San Dieguito Water District,36.778261,-119.4179324,37168,549392196.8,14781.32256,Feb,15,28%,-2.515306782,-2.230197237San Dieguito Water District,36.778261,-119.4179324,36959,808176397.2,21866.83615,Aug,14,28%,-2.515306782,-2.230197237San Dieguito Water District,36.778261,-119.4179324,36959,884282141.6,23926.02997,Jul,14,28%,-2.515306782,-2.230197237San Dieguito Water District,36.778261,-119.4179324,37168,641163143,17250.40742,Mar,15,28%,-2.515306782,-2.230197237San Dieguito Water District,36.778261,-119.4179324,37168,653497947.5,17582.27366,Apr,15,28%,-2.515306782,-2.230197237San Fernando  City of,37.7319077,-122.4696121,23645,307136634.5,12989.49607,Jul,15,24%,-1.908165691,-1.368207081San Fernando  City of,37.7319077,-122.4696121,23728,245462611.5,10344.85045,Dec,14,24%,-1.908165691,-1.368207081San Fernando  City of,37.7319077,-122.4696121,23650,378678501.1,16011.77595,Sep,14,24%,-1.908165691,-1.368207081San Fernando  City of,37.7319077,-122.4696121,23645,302202712.6,12780.82946,Jun,15,24%,-1.908165691,-1.368207081San Fernando  City of,37.7319077,-122.4696121,23648,281233544.8,11892.48752,May,15,24%,-1.908165691,-1.368207081San Fernando  City of,37.7319077,-122.4696121,23645,326872321.8,13824.16248,Aug,15,24%,-1.908165691,-1.368207081San Fernando  City of,37.7319077,-122.4696121,23728,257797416.1,10864.69218,Jan,15,24%,-1.908165691,-1.368207081San Fernando  City of,37.7319077,-122.4696121,23728,245462611.5,10344.85045,Feb,15,24%,-1.908165691,-1.368207081San Fernando  City of,37.7319077,-122.4696121,23728,407048551.7,17154.77713,Jul,14,24%,-1.908165691,-1.368207081San Fernando  City of,37.7319077,-122.4696121,23728,360176294.2,15179.37855,Oct,14,24%,-1.908165691,-1.368207081San Fernando  City of,37.7319077,-122.4696121,23728,302202712.6,12736.12241,Nov,14,24%,-1.908165691,-1.368207081San Fernando  City of,37.7319077,-122.4696121,23728,395947227.6,16686.91957,Aug,14,24%,-1.908165691,-1.368207081San Fernando  City of,37.7319077,-122.4696121,23728,286167466.7,12060.32816,Mar,15,24%,-1.908165691,-1.368207081San Fernando  City of,37.7319077,-122.4696121,23728,386079383.9,16271.04619,Jun,14,24%,-1.908165691,-1.368207081San Fernando  City of,37.7319077,-122.4696121,23645,284933986.2,12050.49635,Apr,15,24%,-1.908165691,-1.368207081San Francisco Public Utilities Commission,37.7803821,-122.420791,846601,7800410339,9213.797691,Mar,15,8%,-1.948506564,-1.311914217San Francisco Public Utilities Commission,37.7803821,-122.420791,846601,7585474615,8959.916909,May,15,8%,-1.948506564,-1.311914217San Francisco Public Utilities Commission,37.7803821,-122.420791,846601,7336053783,8665.302525,Apr,15,8%,-1.948506564,-1.311914217San Francisco Public Utilities Commission,37.7803821,-122.420791,846601,7096134337,8381.911121,Feb,15,8%,-1.948506564,-1.311914217San Francisco Public Utilities Commission,37.7803821,-122.420791,846601,7394803386,8734.697202,Jun,15,8%,-1.948506564,-1.311914217San Francisco Public Utilities Commission,37.7803821,-122.420791,846601,7641763699,9026.405236,Jan,15,8%,-1.948506564,-1.311914217San Francisco Public Utilities Commission,37.7803821,-122.420791,846601,8093969081,9560.547508,Aug,15,8%,-1.948506564,-1.311914217San Francisco Public Utilities Commission,37.7803821,-122.420791,846601,8542199779,10089.99491,Jul,14,8%,-1.948506564,-1.311914217San Francisco Public Utilities Commission,37.7803821,-122.420791,846601,8183304817,9666.070341,Oct,14,8%,-1.948506564,-1.311914217San Francisco Public Utilities Commission,37.7803821,-122.420791,846601,8127280711,9599.895005,Sep,14,8%,-1.948506564,-1.311914217San Francisco Public Utilities Commission,37.7803821,-122.420791,846601,7150114319,8445.671951,Dec,14,8%,-1.948506564,-1.311914217San Francisco Public Utilities Commission,37.7803821,-122.420791,846601,7395446906,8735.457324,Nov,14,8%,-1.948506564,-1.311914217San Francisco Public Utilities Commission,37.7803821,-122.420791,846601,8418946747,9944.409169,Aug,14,8%,-1.948506564,-1.311914217San Francisco Public Utilities Commission,37.7803821,-122.420791,846601,7866238663,9291.55371,Jul,15,8%,-1.948506564,-1.311914217San Francisco Public Utilities Commission,37.7803821,-122.420791,846601,8299781960,9803.652441,Jun,14,8%,-1.948506564,-1.311914217San Gabriel County Water District,36.778261,-119.4179324,45000,558877661.5,12419.50359,Jun,15,20%,-2.515306782,-2.230197237San Gabriel County Water District,36.778261,-119.4179324,45000,570275020.9,12672.77824,Jul,15,20%,-2.515306782,-2.230197237San Gabriel County Water District,36.778261,-119.4179324,45000,496414211,11031.42691,Feb,15,20%,-2.515306782,-2.230197237San Gabriel County Water District,36.778261,-119.4179324,45000,546160477.9,12136.89951,May,15,20%,-2.515306782,-2.230197237San Gabriel County Water District,36.778261,-119.4179324,45000,560888234.6,12464.18299,Apr,15,20%,-2.515306782,-2.230197237San Gabriel County Water District,36.778261,-119.4179324,45000,580648591.6,12903.30204,Mar,15,20%,-2.515306782,-2.230197237San Gabriel County Water District,36.778261,-119.4179324,45000,573457400.5,12743.49779,Nov,14,20%,-2.515306782,-2.230197237San Gabriel County Water District,36.778261,-119.4179324,45000,525931398.4,11687.36441,Jan,15,20%,-2.515306782,-2.230197237San Gabriel County Water District,36.778261,-119.4179324,45000,499177207.2,11092.82683,Dec,14,20%,-2.515306782,-2.230197237San Gabriel County Water District,36.778261,-119.4179324,45000,596276789,13250.59531,Aug,15,20%,-2.515306782,-2.230197237San Gabriel County Water District,36.778261,-119.4179324,45000,719674174.2,15992.75943,Aug,14,20%,-2.515306782,-2.230197237San Gabriel County Water District,36.778261,-119.4179324,45000,746156999.7,16581.26666,Jul,14,20%,-2.515306782,-2.230197237San Gabriel County Water District,36.778261,-119.4179324,45000,715369327.4,15897.09616,Jun,14,20%,-2.515306782,-2.230197237San Gabriel County Water District,36.778261,-119.4179324,45000,663723500.6,14749.41112,Oct,14,20%,-2.515306782,-2.230197237San Gabriel County Water District,36.778261,-119.4179324,45000,685050377.7,15223.34173,Sep,14,20%,-2.515306782,-2.230197237San Gabriel Valley Fontana Water Company,36.778261,-119.4179324,209035,3764582363,18009.33989,May,15,28%,-2.515306782,-2.230197237San Gabriel Valley Fontana Water Company,36.778261,-119.4179324,209035,4151895227,19862.2012,Jun,15,28%,-2.515306782,-2.230197237San Gabriel Valley Fontana Water Company,36.778261,-119.4179324,209035,3669604368,17554.97581,Nov,14,28%,-2.515306782,-2.230197237San Gabriel Valley Fontana Water Company,36.778261,-119.4179324,209035,4138326942,19797.29204,Apr,15,28%,-2.515306782,-2.230197237San Gabriel Valley Fontana Water Company,36.778261,-119.4179324,209035,3921234381,18758.74558,Jul,15,28%,-2.515306782,-2.230197237San Gabriel Valley Fontana Water Company,36.778261,-119.4179324,209035,2505198814,11984.59021,Dec,14,28%,-2.515306782,-2.230197237San Gabriel Valley Fontana Water Company,36.778261,-119.4179324,209035,5443349269,26040.37251,Jun,14,28%,-2.515306782,-2.230197237San Gabriel Valley Fontana Water Company,36.778261,-119.4179324,209035,4725463641,22606.08817,Oct,14,28%,-2.515306782,-2.230197237San Gabriel Valley Fontana Water Company,36.778261,-119.4179324,209035,3957005315,18929.86971,Mar,15,28%,-2.515306782,-2.230197237San Gabriel Valley Fontana Water Company,36.778261,-119.4179324,209035,5818327328,27834.2255,Jul,14,28%,-2.515306782,-2.230197237San Gabriel Valley Fontana Water Company,36.778261,-119.4179324,209035,3134273848,14994.01463,Feb,15,28%,-2.515306782,-2.230197237San Gabriel Valley Fontana Water Company,36.778261,-119.4179324,209035,3087401591,14769.78301,Jan,15,28%,-2.515306782,-2.230197237San Gabriel Valley Fontana Water Company,36.778261,-119.4179324,209035,4022379779,19242.61382,Aug,15,28%,-2.515306782,-2.230197237San Gabriel Valley Fontana Water Company,36.778261,-119.4179324,209035,5279296368,25255.56183,Aug,14,28%,-2.515306782,-2.230197237San Gabriel Valley Fontana Water Company,36.778261,-119.4179324,209035,4905551788,23467.60967,Sep,14,28%,-2.515306782,-2.230197237San Gabriel Valley Water Company,36.778261,-119.4179324,271817,3332864202,12261.42663,May,15,16%,-2.515306782,-2.230197237San Gabriel Valley Water Company,36.778261,-119.4179324,271817,3435243080,12638.07297,Jul,15,16%,-2.515306782,-2.230197237San Gabriel Valley Water Company,36.778261,-119.4179324,271817,3342732046,12297.72989,Apr,15,16%,-2.515306782,-2.230197237San Gabriel Valley Water Company,36.778261,-119.4179324,271817,2651982988,9756.501574,Dec,14,16%,-2.515306782,-2.230197237San Gabriel Valley Water Company,36.778261,-119.4179324,271817,3542555880,13032.87094,Jun,15,16%,-2.515306782,-2.230197237San Gabriel Valley Water Company,36.778261,-119.4179324,271817,5110309545,18800.55164,Jun,14,16%,-2.515306782,-2.230197237San Gabriel Valley Water Company,36.778261,-119.4179324,271817,3559824607,13096.40165,Aug,15,16%,-2.515306782,-2.230197237San Gabriel Valley Water Company,36.778261,-119.4179324,271817,5044935080,18560.04253,Aug,14,16%,-2.515306782,-2.230197237San Gabriel Valley Water Company,36.778261,-119.4179324,271817,3183613066,11712.3398,Nov,14,16%,-2.515306782,-2.230197237San Gabriel Valley Water Company,36.778261,-119.4179324,271817,3490749701,12842.27882,Mar,15,16%,-2.515306782,-2.230197237San Gabriel Valley Water Company,36.778261,-119.4179324,271817,5227490188,19231.65287,Jul,14,16%,-2.515306782,-2.230197237San Gabriel Valley Water Company,36.778261,-119.4179324,271817,2830837655,10414.49819,Feb,15,16%,-2.515306782,-2.230197237San Gabriel Valley Water Company,36.778261,-119.4179324,271817,3762115402,13840.61851,Oct,14,16%,-2.515306782,-2.230197237San Gabriel Valley Water Company,36.778261,-119.4179324,271817,2835771577,10432.64982,Jan,15,16%,-2.515306782,-2.230197237San Gabriel Valley Water Company,36.778261,-119.4179324,271817,3891630850,14317.09882,Sep,14,16%,-2.515306782,-2.230197237San Jacinto  City of,32.7024055,-117.0800046,15582,250782111.7,16094.34679,May,15,32%,-2.376654078,-1.53567876San Jacinto  City of,32.7024055,-117.0800046,15582,247545720.2,15886.64614,Jul,15,32%,-2.376654078,-1.53567876San Jacinto  City of,32.7024055,-117.0800046,15582,263880577.8,16934.96199,Apr,15,32%,-2.376654078,-1.53567876San Jacinto  City of,32.7024055,-117.0800046,15200,256716911.7,16889.27051,Jun,15,32%,-2.376654078,-1.53567876San Jacinto  City of,32.7024055,-117.0800046,15200,201231061.6,13238.88563,Feb,15,32%,-2.376654078,-1.53567876San Jacinto  City of,32.7024055,-117.0800046,15582,288845812.6,18537.14623,Aug,15,32%,-2.376654078,-1.53567876San Jacinto  City of,32.7024055,-117.0800046,15200,191292536.7,12585.03531,Dec,14,32%,-2.376654078,-1.53567876San Jacinto  City of,32.7024055,-117.0800046,15200,240636888.1,15831.37422,Mar,15,32%,-2.376654078,-1.53567876San Jacinto  City of,32.7024055,-117.0800046,15200,276381599.9,18182.99999,Sep,14,32%,-2.376654078,-1.53567876San Jacinto  City of,32.7024055,-117.0800046,15200,193665324.1,12741.13974,Jan,15,32%,-2.376654078,-1.53567876San Jacinto  City of,32.7024055,-117.0800046,15200,373736671.6,24587.93892,Jun,14,32%,-2.376654078,-1.53567876San Jacinto  City of,32.7024055,-117.0800046,15200,239996971.7,15789.27445,Oct,14,32%,-2.376654078,-1.53567876San Jacinto  City of,32.7024055,-117.0800046,15200,228486970.6,15032.03754,Nov,14,32%,-2.376654078,-1.53567876San Jacinto  City of,32.7024055,-117.0800046,15200,374031146.4,24607.31226,Aug,14,32%,-2.376654078,-1.53567876San Jacinto  City of,32.7024055,-117.0800046,15200,385487349.2,25361.00981,Jul,14,32%,-2.376654078,-1.53567876San Jose  City of,37.338208,-121.886329,116697,1525521251,13072.49759,Nov,14,20%,-2.014225317,-1.370569912San Jose  City of,37.338208,-121.886329,117576,1866208379,15872.35813,Jun,15,20%,-2.014225317,-1.370569912San Jose  City of,37.338208,-121.886329,117576,1294611087,11010.84479,Feb,15,20%,-2.014225317,-1.370569912San Jose  City of,37.338208,-121.886329,117576,1639083627,13940.63097,Mar,15,20%,-2.014225317,-1.370569912San Jose  City of,37.338208,-121.886329,117576,1998697818,16999.19897,Jul,15,20%,-2.014225317,-1.370569912San Jose  City of,37.338208,-121.886329,116697,1222688249,10477.46085,Dec,14,20%,-2.014225317,-1.370569912San Jose  City of,37.338208,-121.886329,117576,1669366928,14198.19459,Apr,15,20%,-2.014225317,-1.370569912San Jose  City of,37.338208,-121.886329,117576,1968414518,16741.63535,Aug,15,20%,-2.014225317,-1.370569912San Jose  City of,37.338208,-121.886329,117576,1707221053,14520.14912,May,15,20%,-2.014225317,-1.370569912San Jose  City of,37.338208,-121.886329,116697,1427100525,12229.11065,Jan,15,20%,-2.014225317,-1.370569912San Jose  City of,37.338208,-121.886329,114974,2646003361,23013.92803,Jun,14,20%,-2.014225317,-1.370569912San Jose  City of,37.338208,-121.886329,114974,2611934649,22717.61136,Aug,14,20%,-2.014225317,-1.370569912San Jose  City of,37.338208,-121.886329,114974,2755780325,23968.72619,Jul,14,20%,-2.014225317,-1.370569912San Jose  City of,37.338208,-121.886329,116697,2233393395,19138.39598,Sep,14,20%,-2.014225317,-1.370569912San Jose  City of,37.338208,-121.886329,116697,2100903957,18003.0674,Oct,14,20%,-2.014225317,-1.370569912San Jose Water Company,36.778261,-119.4179324,946494,17197129143,18169.29547,Aug,14,20%,-2.515306782,-2.230197237San Jose Water Company,36.778261,-119.4179324,990000,10951198462,11061.81663,Apr,15,20%,-2.515306782,-2.230197237San Jose Water Company,36.778261,-119.4179324,990000,12472934300,12598.92354,Jul,15,20%,-2.515306782,-2.230197237San Jose Water Company,36.778261,-119.4179324,990000,10743000772,10851.51593,Nov,14,20%,-2.515306782,-2.230197237San Jose Water Company,36.778261,-119.4179324,990000,8895719456,8985.575208,Feb,15,20%,-2.515306782,-2.230197237San Jose Water Company,36.778261,-119.4179324,990000,12681889072,12809.98896,Aug,15,20%,-2.515306782,-2.230197237San Jose Water Company,36.778261,-119.4179324,990000,10989052587,11100.05312,Mar,15,20%,-2.515306782,-2.230197237San Jose Water Company,36.778261,-119.4179324,990000,12091743258,12213.88208,Jun,15,20%,-2.515306782,-2.230197237San Jose Water Company,36.778261,-119.4179324,990000,13881107763,14021.32097,Oct,14,20%,-2.515306782,-2.230197237San Jose Water Company,36.778261,-119.4179324,990000,11655285193,11773.01535,May,15,20%,-2.515306782,-2.230197237San Jose Water Company,36.778261,-119.4179324,990000,8729161304,8817.334651,Dec,14,20%,-2.515306782,-2.230197237San Jose Water Company,36.778261,-119.4179324,946494,18122662508,19147.14991,Jul,14,20%,-2.515306782,-2.230197237San Jose Water Company,36.778261,-119.4179324,990000,17298578199,17473.31131,Jun,14,20%,-2.515306782,-2.230197237San Jose Water Company,36.778261,-119.4179324,990000,9588449949,9685.302979,Jan,15,20%,-2.515306782,-2.230197237San Jose Water Company,36.778261,-119.4179324,990000,15194645913,15348.12718,Sep,14,20%,-2.515306782,-2.230197237San Juan Capistrano  City of,33.5020224,-117.6625837,40262,1186731550,29475.22603,Aug,14,28%,-2.430393306,-1.848127923San Juan Capistrano  City of,33.5020224,-117.6625837,39047,888957032.5,22766.33371,Aug,15,28%,-2.430393306,-1.848127923San Juan Capistrano  City of,33.5020224,-117.6625837,39047,824988735.9,21128.09527,Jun,15,28%,-2.430393306,-1.848127923San Juan Capistrano  City of,33.5020224,-117.6625837,39047,749018674.3,19182.48968,Mar,15,28%,-2.430393306,-1.848127923San Juan Capistrano  City of,33.5020224,-117.6625837,39047,827295344.3,21187.16788,Jul,15,28%,-2.430393306,-1.848127923San Juan Capistrano  City of,33.5020224,-117.6625837,38491,765127929.2,19878.09953,Nov,14,28%,-2.430393306,-1.848127923San Juan Capistrano  City of,33.5020224,-117.6625837,38491,1108146510,28789.75631,Sep,14,28%,-2.430393306,-1.848127923San Juan Capistrano  City of,33.5020224,-117.6625837,39047,763746431,19559.66991,May,15,28%,-2.430393306,-1.848127923San Juan Capistrano  City of,33.5020224,-117.6625837,38491,437971906.8,11378.55361,Dec,14,28%,-2.430393306,-1.848127923San Juan Capistrano  City of,33.5020224,-117.6625837,38491,957797577,24883.6761,Jul,14,28%,-2.430393306,-1.848127923San Juan Capistrano  City of,33.5020224,-117.6625837,39047,772528811.9,19784.58811,Apr,15,28%,-2.430393306,-1.848127923San Juan Capistrano  City of,33.5020224,-117.6625837,38491,972229298.3,25258.61366,Oct,14,28%,-2.430393306,-1.848127923San Juan Capistrano  City of,33.5020224,-117.6625837,39047,567166650.2,14525.22986,Feb,15,28%,-2.430393306,-1.848127923San Juan Capistrano  City of,33.5020224,-117.6625837,39047,523427433.1,13405.06142,Jan,15,28%,-2.430393306,-1.848127923San Juan Capistrano  City of,33.5020224,-117.6625837,38491,909445142.9,23627.47507,Jun,14,28%,-2.430393306,-1.848127923San Juan Water District,36.778261,-119.4179324,32733,1308722768,39981.75443,Jun,15,36%,-2.515306782,-2.230197237San Juan Water District,36.778261,-119.4179324,36761,1627787158,44280.27416,Jul,15,36%,-2.515306782,-2.230197237San Juan Water District,36.778261,-119.4179324,32758,1624321078,49585.47769,Aug,15,36%,-2.515306782,-2.230197237San Juan Water District,36.778261,-119.4179324,32696,1086696285,33236.3679,May,15,36%,-2.515306782,-2.230197237San Juan Water District,36.778261,-119.4179324,32693,865903282.7,26485.89248,Apr,15,36%,-2.515306782,-2.230197237San Juan Water District,36.778261,-119.4179324,32593,627841554,19263.07962,Nov,14,36%,-2.515306782,-2.230197237San Juan Water District,36.778261,-119.4179324,32693,770925287.3,23580.74473,Mar,15,36%,-2.515306782,-2.230197237San Juan Water District,36.778261,-119.4179324,32597,428017719.5,13130.58624,Jan,15,36%,-2.515306782,-2.230197237San Juan Water District,36.778261,-119.4179324,32606,373744579.3,11462.44799,Dec,14,36%,-2.515306782,-2.230197237San Juan Water District,36.778261,-119.4179324,32758,1624321078,49585.47769,Aug,14,36%,-2.515306782,-2.230197237San Juan Water District,36.778261,-119.4179324,32550,1964934372,60366.64738,Jun,14,36%,-2.515306782,-2.230197237San Juan Water District,36.778261,-119.4179324,32628,410748993.1,12588.84986,Feb,15,36%,-2.515306782,-2.230197237San Juan Water District,36.778261,-119.4179324,32572,2143789039,65816.92985,Jul,14,36%,-2.515306782,-2.230197237San Juan Water District,36.778261,-119.4179324,32575,1709603917,52482.08495,Sep,14,36%,-2.515306782,-2.230197237San Juan Water District,36.778261,-119.4179324,32584,1282819678,39369.61939,Oct,14,36%,-2.515306782,-2.230197237San Lorenzo Valley Water District,36.778261,-119.4179324,19000,146466317.4,7708.753547,Apr,15,12%,-2.515306782,-2.230197237San Lorenzo Valley Water District,36.778261,-119.4179324,19000,185044970.7,9739.208984,Aug,15,12%,-2.515306782,-2.230197237San Lorenzo Valley Water District,36.778261,-119.4179324,19000,165548582,8713.083262,Jun,15,12%,-2.515306782,-2.230197237San Lorenzo Valley Water District,36.778261,-119.4179324,19000,146607134.7,7716.164987,May,15,12%,-2.515306782,-2.230197237San Lorenzo Valley Water District,36.778261,-119.4179324,19000,195335637.4,10280.82302,Jul,14,12%,-2.515306782,-2.230197237San Lorenzo Valley Water District,36.778261,-119.4179324,19000,174321654.1,9174.823899,Jun,14,12%,-2.515306782,-2.230197237San Lorenzo Valley Water District,36.778261,-119.4179324,19000,174855018.7,9202.895721,Jul,15,12%,-2.515306782,-2.230197237San Lorenzo Valley Water District,36.778261,-119.4179324,19000,179713425.3,9458.601334,Aug,14,12%,-2.515306782,-2.230197237San Lorenzo Valley Water District,36.778261,-119.4179324,19000,127666433.2,6719.28596,Dec,14,12%,-2.515306782,-2.230197237San Lorenzo Valley Water District,36.778261,-119.4179324,19000,114498909.8,6026.258411,Nov,14,12%,-2.515306782,-2.230197237San Lorenzo Valley Water District,36.778261,-119.4179324,19000,136476742.4,7182.986443,Mar,15,12%,-2.515306782,-2.230197237San Lorenzo Valley Water District,36.778261,-119.4179324,19000,130444884.4,6865.520231,Jan,15,12%,-2.515306782,-2.230197237San Lorenzo Valley Water District,36.778261,-119.4179324,19000,167538917.8,8817.83778,Sep,14,12%,-2.515306782,-2.230197237San Lorenzo Valley Water District,36.778261,-119.4179324,19000,178783618.2,9409.664118,Oct,14,12%,-2.515306782,-2.230197237San Luis Obispo  City of,35.2946358,-120.6634727,45802,509550777.9,11125.07703,Aug,15,12%,-2.556497122,-2.070600714San Luis Obispo  City of,35.2946358,-120.6634727,45802,525450341,11472.2139,Jun,15,12%,-2.556497122,-2.070600714San Luis Obispo  City of,35.2946358,-120.6634727,45473,506467076.8,11137.75376,Apr,15,12%,-2.556497122,-2.070600714San Luis Obispo  City of,35.2946358,-120.6634727,45802,504777208.5,11020.85517,Jul,15,12%,-2.556497122,-2.070600714San Luis Obispo  City of,35.2946358,-120.6634727,45473,414881152.6,9123.681143,Feb,15,12%,-2.556497122,-2.070600714San Luis Obispo  City of,35.2946358,-120.6634727,45473,520627432.4,11449.15516,May,15,12%,-2.556497122,-2.070600714San Luis Obispo  City of,35.2946358,-120.6634727,45473,494070598.1,10865.14191,Nov,14,12%,-2.556497122,-2.070600714San Luis Obispo  City of,35.2946358,-120.6634727,45541,491184253.9,10785.53949,Mar,15,12%,-2.556497122,-2.070600714San Luis Obispo  City of,35.2946358,-120.6634727,45119,614273268.9,13614.51426,Aug,14,12%,-2.556497122,-2.070600714San Luis Obispo  City of,35.2946358,-120.6634727,45473,398784232.6,8769.692622,Dec,14,12%,-2.556497122,-2.070600714San Luis Obispo  City of,35.2946358,-120.6634727,45473,638942878.1,14051.0386,Jun,14,12%,-2.556497122,-2.070600714San Luis Obispo  City of,35.2946358,-120.6634727,45541,593304101.1,13027.91114,Oct,14,12%,-2.556497122,-2.070600714San Luis Obispo  City of,35.2946358,-120.6634727,45473,593304101.1,13047.39298,Sep,14,12%,-2.556497122,-2.070600714San Luis Obispo  City of,35.2946358,-120.6634727,45473,463788652.8,10199.20948,Jan,15,12%,-2.556497122,-2.070600714San Luis Obispo  City of,35.2946358,-120.6634727,45119,629075034.4,13942.57485,Jul,14,12%,-2.556497122,-2.070600714Sanger  City of,36.7213887,-119.6006081,25664,692435231.6,26980.79924,Aug,15,28%,-2.618049209,-2.344188058Sanger  City of,36.7213887,-119.6006081,25664,686242296.7,26739.49099,Jul,15,28%,-2.618049209,-2.344188058Sanger  City of,36.7213887,-119.6006081,25664,675211604.6,26309.67911,Jun,15,28%,-2.618049209,-2.344188058Sanger  City of,36.7213887,-119.6006081,25664,528193752.6,20581.11567,May,15,28%,-2.618049209,-2.344188058Sanger  City of,36.7213887,-119.6006081,25664,548812894.6,21384.54234,Apr,15,28%,-2.618049209,-2.344188058Sanger  City of,36.7213887,-119.6006081,25664,500412610,19498.62102,Mar,15,28%,-2.618049209,-2.344188058Sanger  City of,36.7213887,-119.6006081,25664,363622942.6,14168.5997,Feb,15,28%,-2.618049209,-2.344188058Sanger  City of,36.7213887,-119.6006081,25664,368922520.2,14375.0982,Jan,15,28%,-2.618049209,-2.344188058Sanger  City of,36.7213887,-119.6006081,25664,444009963.2,17300.88697,Dec,14,28%,-2.618049209,-2.344188058Sanger  City of,36.7213887,-119.6006081,25664,390635646.5,15221.15206,Nov,14,28%,-2.618049209,-2.344188058Sanger  City of,36.7213887,-119.6006081,25664,644761746.1,25123.19771,Oct,14,28%,-2.618049209,-2.344188058Sanger  City of,36.7213887,-119.6006081,25664,739056372.4,28797.39606,Sep,14,28%,-2.618049209,-2.344188058Sanger  City of,36.7213887,-119.6006081,25664,755935526.9,29455.09378,Aug,14,28%,-2.618049209,-2.344188058Sanger  City of,36.7213887,-119.6006081,25664,832537134.9,32439.88213,Jul,14,28%,-2.618049209,-2.344188058Sanger  City of,36.7213887,-119.6006081,25664,844305982.5,32898.4563,Jun,14,28%,-2.618049209,-2.344188058Santa Ana  City of,33.7864392,-117.8945155,332005,3058291452,9211.582512,Dec,14,12%,-2.486882776,-1.852435226Santa Ana  City of,33.7864392,-117.8945155,332005,4339384257,13070.23767,Sep,14,12%,-2.486882776,-1.852435226Santa Ana  City of,33.7864392,-117.8945155,332005,4505904119,13571.79596,Aug,14,12%,-2.486882776,-1.852435226Santa Ana  City of,33.7864392,-117.8945155,332005,3260828943,9821.626009,Jan,15,12%,-2.486882776,-1.852435226Santa Ana  City of,33.7864392,-117.8945155,332005,3575119764,10768.27085,Jun,15,12%,-2.486882776,-1.852435226Santa Ana  City of,33.7864392,-117.8945155,332005,3532317992,10639.35179,May,15,12%,-2.486882776,-1.852435226Santa Ana  City of,33.7864392,-117.8945155,332005,3796899551,11436.2722,Aug,15,12%,-2.486882776,-1.852435226Santa Ana  City of,33.7864392,-117.8945155,332005,3685886310,11101.9,Jul,15,12%,-2.486882776,-1.852435226Santa Ana  City of,33.7864392,-117.8945155,332005,3128599838,9423.35157,Feb,15,12%,-2.486882776,-1.852435226Santa Ana  City of,33.7864392,-117.8945155,332005,4542538489,13682.13879,Jun,14,12%,-2.486882776,-1.852435226Santa Ana  City of,33.7864392,-117.8945155,332005,3625075723,10918.73834,Nov,14,12%,-2.486882776,-1.852435226Santa Ana  City of,33.7864392,-117.8945155,332005,4666626623,14055.8926,Jul,14,12%,-2.486882776,-1.852435226Santa Ana  City of,33.7864392,-117.8945155,332005,3640370881,10964.8074,Mar,15,12%,-2.486882776,-1.852435226Santa Ana  City of,33.7864392,-117.8945155,332005,3675155030,11069.57735,Apr,15,12%,-2.486882776,-1.852435226Santa Ana  City of,33.7864392,-117.8945155,332005,4166696993,12550.10314,Oct,14,12%,-2.486882776,-1.852435226Santa Barbara  City of,34.4139629,-119.848947,93091,1043882178,11213.56714,Mar,15,12%,-2.502513646,-1.890169509Santa Barbara  City of,34.4139629,-119.848947,93091,1125748276,12092.98725,Jul,15,12%,-2.502513646,-1.890169509Santa Barbara  City of,34.4139629,-119.848947,93091,1211388825,13012.95318,Aug,15,12%,-2.502513646,-1.890169509Santa Barbara  City of,34.4139629,-119.848947,92756,1063186147,11462.18193,Nov,14,12%,-2.502513646,-1.890169509Santa Barbara  City of,34.4139629,-119.848947,92756,1527085814,16463.47205,Jul,14,12%,-2.502513646,-1.890169509Santa Barbara  City of,34.4139629,-119.848947,93091,993679523.5,10674.28133,Jun,15,12%,-2.502513646,-1.890169509Santa Barbara  City of,34.4139629,-119.848947,93091,1060151786,11388.33814,May,15,12%,-2.502513646,-1.890169509Santa Barbara  City of,34.4139629,-119.848947,93091,1084525359,11650.16338,Apr,15,12%,-2.502513646,-1.890169509Santa Barbara  City of,34.4139629,-119.848947,92756,802169347.4,8648.166667,Dec,14,12%,-2.502513646,-1.890169509Santa Barbara  City of,34.4139629,-119.848947,92756,1466682275,15812.26309,Jun,14,12%,-2.502513646,-1.890169509Santa Barbara  City of,34.4139629,-119.848947,93091,863732357.1,9278.365869,Feb,15,12%,-2.502513646,-1.890169509Santa Barbara  City of,34.4139629,-119.848947,93091,890128838.9,9561.921549,Jan,15,12%,-2.502513646,-1.890169509Santa Barbara  City of,34.4139629,-119.848947,92756,1422252309,15333.26479,Aug,14,12%,-2.502513646,-1.890169509Santa Barbara  City of,34.4139629,-119.848947,92756,1289912191,13906.50945,Oct,14,12%,-2.502513646,-1.890169509Santa Barbara  City of,34.4139629,-119.848947,92756,1367559786,14743.62613,Sep,14,12%,-2.502513646,-1.890169509Santa Clara  City of,37.7367387,-122.4660807,120973,1914283119,15824.05263,May,15,16%,-1.904755307,-1.357645827Santa Clara  City of,37.7367387,-122.4660807,120973,1888920855,15614.40036,Jun,15,16%,-1.904755307,-1.357645827Santa Clara  City of,37.7367387,-122.4660807,118459,2339384946,19748.47792,Jun,14,16%,-1.904755307,-1.357645827Santa Clara  City of,37.7367387,-122.4660807,118459,1896870221,16012.88396,Mar,15,16%,-1.904755307,-1.357645827Santa Clara  City of,37.7367387,-122.4660807,118459,1571703284,13267.90944,Jan,15,16%,-1.904755307,-1.357645827Santa Clara  City of,37.7367387,-122.4660807,118459,1758324122,14843.31391,Nov,14,16%,-1.904755307,-1.357645827Santa Clara  City of,37.7367387,-122.4660807,118459,2233014854,18850.52933,Oct,14,16%,-1.904755307,-1.357645827Santa Clara  City of,37.7367387,-122.4660807,118459,1884378360,15907.43092,Apr,15,16%,-1.904755307,-1.357645827Santa Clara  City of,37.7367387,-122.4660807,120973,2174719501,17976.89981,Jul,15,16%,-1.904755307,-1.357645827Santa Clara  City of,37.7367387,-122.4660807,120973,1957815363,16183.90354,Aug,15,16%,-1.904755307,-1.357645827Santa Clara  City of,37.7367387,-122.4660807,118459,2099768333,17725.69693,Sep,14,16%,-1.904755307,-1.357645827Santa Clara  City of,37.7367387,-122.4660807,118459,1512650849,12769.40417,Feb,15,16%,-1.904755307,-1.357645827Santa Clara  City of,37.7367387,-122.4660807,118459,1351013733,11404.90578,Dec,14,16%,-1.904755307,-1.357645827Santa Clara  City of,37.7367387,-122.4660807,118459,2543040141,21467.68199,Jul,14,16%,-1.904755307,-1.357645827Santa Clara  City of,37.7367387,-122.4660807,118459,2569916570,21694.56579,Aug,14,16%,-1.904755307,-1.357645827Santa Cruz  City of,36.9636415,-122.0353876,95224,806292869.8,8467.328297,May,15,8%,-2.228766716,-1.801998299Santa Cruz  City of,36.9636415,-122.0353876,94887,806292869.8,8497.400801,Sep,14,8%,-2.228766716,-1.801998299Santa Cruz  City of,36.9636415,-122.0353876,94887,776009569.5,8178.249597,Apr,15,8%,-2.228766716,-1.801998299Santa Cruz  City of,36.9636415,-122.0353876,94887,783580394.6,8258.037398,Mar,15,8%,-2.228766716,-1.801998299Santa Cruz  City of,36.9636415,-122.0353876,95224,832790757.5,8745.597303,Jun,15,8%,-2.228766716,-1.801998299Santa Cruz  City of,36.9636415,-122.0353876,95224,889571945.6,9341.888028,Aug,15,8%,-2.228766716,-1.801998299Santa Cruz  City of,36.9636415,-122.0353876,94887,850203655.2,8960.170046,Oct,14,8%,-2.228766716,-1.801998299Santa Cruz  City of,36.9636415,-122.0353876,94887,693866117.5,7312.551957,Feb,15,8%,-2.228766716,-1.801998299Santa Cruz  City of,36.9636415,-122.0353876,94887,757461048.1,7982.769485,Jan,15,8%,-2.228766716,-1.801998299Santa Cruz  City of,36.9636415,-122.0353876,94887,904713595.7,9534.642213,Aug,14,8%,-2.228766716,-1.801998299Santa Cruz  City of,36.9636415,-122.0353876,94887,957709371.2,10093.15682,Jul,14,8%,-2.228766716,-1.801998299Santa Cruz  City of,36.9636415,-122.0353876,95224,888057780.5,9325.986942,Jul,15,8%,-2.228766716,-1.801998299Santa Cruz  City of,36.9636415,-122.0353876,94887,690459246.2,7276.647446,Dec,14,8%,-2.228766716,-1.801998299Santa Cruz  City of,36.9636415,-122.0353876,94887,707872143.9,7460.159389,Nov,14,8%,-2.228766716,-1.801998299Santa Cruz  City of,36.9636415,-122.0353876,94887,950138546.1,10013.36902,Jun,14,8%,-2.228766716,-1.801998299Santa Fe Irrigation District,36.778261,-119.4179324,19839,996898907.5,50249.45348,Jun,15,36%,-2.515306782,-2.230197237Santa Fe Irrigation District,36.778261,-119.4179324,19839,1090396726,54962.28269,Aug,15,36%,-2.515306782,-2.230197237Santa Fe Irrigation District,36.778261,-119.4179324,19839,1016141203,51219.37611,Mar,15,36%,-2.515306782,-2.230197237Santa Fe Irrigation District,36.778261,-119.4179324,19839,828775520.9,41775.06532,May,15,36%,-2.515306782,-2.230197237Santa Fe Irrigation District,36.778261,-119.4179324,19839,1144176474,57673.09211,Apr,15,36%,-2.515306782,-2.230197237Santa Fe Irrigation District,36.778261,-119.4179324,19839,867136763.2,43708.69314,Jul,15,36%,-2.515306782,-2.230197237Santa Fe Irrigation District,36.778261,-119.4179324,19386,988387892.4,50984.62253,Nov,14,36%,-2.515306782,-2.230197237Santa Fe Irrigation District,36.778261,-119.4179324,19386,1402590631,72350.69796,Oct,14,36%,-2.515306782,-2.230197237Santa Fe Irrigation District,36.778261,-119.4179324,19386,1531489339,78999.75956,Sep,14,36%,-2.515306782,-2.230197237Santa Fe Irrigation District,36.778261,-119.4179324,19386,1745128154,90020.02241,Jul,14,36%,-2.515306782,-2.230197237Santa Fe Irrigation District,36.778261,-119.4179324,19386,625127897,32246.35804,Jan,15,36%,-2.515306782,-2.230197237Santa Fe Irrigation District,36.778261,-119.4179324,19386,1668035626,86043.31093,Jun,14,36%,-2.515306782,-2.230197237Santa Fe Irrigation District,36.778261,-119.4179324,19386,475753413.3,24541.08188,Dec,14,36%,-2.515306782,-2.230197237Santa Fe Irrigation District,36.778261,-119.4179324,19386,843083894.2,43489.31673,Feb,15,36%,-2.515306782,-2.230197237Santa Fe Irrigation District,36.778261,-119.4179324,19386,1582555430,81633.93324,Aug,14,36%,-2.515306782,-2.230197237Santa Fe Springs  City of,33.941528,-118.076333,18199,560000128.7,30770.92855,Mar,15,16%,-2.463077681,-1.866300825Santa Fe Springs  City of,33.941528,-118.076333,18199,721956113.1,39670.09798,Jul,14,16%,-2.463077681,-1.866300825Santa Fe Springs  City of,33.941528,-118.076333,18199,571101452.8,31380.92493,Jun,15,16%,-2.463077681,-1.866300825Santa Fe Springs  City of,33.941528,-118.076333,18199,597423925.9,32827.29413,Aug,15,16%,-2.463077681,-1.866300825Santa Fe Springs  City of,33.941528,-118.076333,18199,548738452.1,30152.12111,May,15,16%,-2.463077681,-1.866300825Santa Fe Springs  City of,33.941528,-118.076333,18199,578823040.5,31805.2113,Apr,15,16%,-2.463077681,-1.866300825Santa Fe Springs  City of,33.941528,-118.076333,18199,572026563.2,31431.75796,Jul,15,16%,-2.463077681,-1.866300825Santa Fe Springs  City of,33.941528,-118.076333,18199,484474120.2,26620.91984,Jan,15,16%,-2.463077681,-1.866300825Santa Fe Springs  City of,33.941528,-118.076333,18199,460100546.3,25281.6389,Dec,14,16%,-2.463077681,-1.866300825Santa Fe Springs  City of,33.941528,-118.076333,18199,573198369.6,31496.14647,Nov,14,16%,-2.463077681,-1.866300825Santa Fe Springs  City of,33.941528,-118.076333,18199,467341076.6,25679.49209,Feb,15,16%,-2.463077681,-1.866300825Santa Fe Springs  City of,33.941528,-118.076333,18199,701233641.3,38531.43806,Jun,14,16%,-2.463077681,-1.866300825Santa Fe Springs  City of,33.941528,-118.076333,18199,720315584.1,39579.95407,Aug,14,16%,-2.463077681,-1.866300825Santa Fe Springs  City of,33.941528,-118.076333,18199,689429233.3,37882.80858,Oct,14,16%,-2.463077681,-1.866300825Santa Fe Springs  City of,33.941528,-118.076333,18199,694338485.6,38152.56253,Sep,14,16%,-2.463077681,-1.866300825Santa Margarita Water District,36.778261,-119.4179324,153845,3428705634,22286.75377,Sep,14,24%,-2.515306782,-2.230197237Santa Margarita Water District,36.778261,-119.4179324,155003,2634220870,16994.64442,Jul,15,24%,-2.515306782,-2.230197237Santa Margarita Water District,36.778261,-119.4179324,154326,2806414742,18184.97688,Apr,15,24%,-2.515306782,-2.230197237Santa Margarita Water District,36.778261,-119.4179324,155064,2970220947,19154.80671,Aug,15,24%,-2.515306782,-2.230197237Santa Margarita Water District,36.778261,-119.4179324,154231,1575154547,10212.95684,Dec,14,24%,-2.515306782,-2.230197237Santa Margarita Water District,36.778261,-119.4179324,153895,3191383993,20737.41183,Oct,14,24%,-2.515306782,-2.230197237Santa Margarita Water District,36.778261,-119.4179324,153671,3698961203,24070.65225,Jun,14,24%,-2.515306782,-2.230197237Santa Margarita Water District,36.778261,-119.4179324,154234,1838996017,11923.41518,Jan,15,24%,-2.515306782,-2.230197237Santa Margarita Water District,36.778261,-119.4179324,153767,3641357665,23681.0087,Aug,14,24%,-2.515306782,-2.230197237Santa Margarita Water District,36.778261,-119.4179324,154931,2724018247,17582.13816,May,15,24%,-2.515306782,-2.230197237Santa Margarita Water District,36.778261,-119.4179324,154974,2669375063,17224.6639,Jun,15,24%,-2.515306782,-2.230197237Santa Margarita Water District,36.778261,-119.4179324,154306,2556511601,16567.80424,Mar,15,24%,-2.515306782,-2.230197237Santa Margarita Water District,36.778261,-119.4179324,154272,1962590759,12721.62647,Feb,15,24%,-2.515306782,-2.230197237Santa Margarita Water District,36.778261,-119.4179324,154189,2529004987,16401.9806,Nov,14,24%,-2.515306782,-2.230197237Santa Margarita Water District,36.778261,-119.4179324,153734,3959595624,25756.14779,Jul,14,24%,-2.515306782,-2.230197237Santa Maria  City of,34.8762757,-120.4457325,101103,1754009214,17348.73558,Jul,14,16%,-2.794407421,-2.152265737Santa Maria  City of,34.8762757,-120.4457325,102087,1359295467,13315.06917,May,15,16%,-2.794407421,-2.152265737Santa Maria  City of,34.8762757,-120.4457325,102087,1376564193,13484.22613,Apr,15,16%,-2.794407421,-2.152265737Santa Maria  City of,34.8762757,-120.4457325,102087,1387665517,13592.96989,Jun,15,16%,-2.794407421,-2.152265737Santa Maria  City of,34.8762757,-120.4457325,102087,1413568607,13846.70533,Jul,15,16%,-2.794407421,-2.152265737Santa Maria  City of,34.8762757,-120.4457325,101103,947312993,9369.781243,Dec,14,16%,-2.794407421,-2.152265737Santa Maria  City of,34.8762757,-120.4457325,102087,1439471696,14100.44077,Aug,15,16%,-2.794407421,-2.152265737Santa Maria  City of,34.8762757,-120.4457325,101103,1647929894,16299.51529,Aug,14,16%,-2.794407421,-2.152265737Santa Maria  City of,34.8762757,-120.4457325,101103,1682467347,16641.1219,Jun,14,16%,-2.794407421,-2.152265737Santa Maria  City of,34.8762757,-120.4457325,101103,1540617094,15238.09476,Sep,14,16%,-2.794407421,-2.152265737Santa Maria  City of,34.8762757,-120.4457325,101103,1005286575,9943.192335,Feb,15,16%,-2.794407421,-2.152265737Santa Maria  City of,34.8762757,-120.4457325,101103,1105198492,10931.41145,Jan,15,16%,-2.794407421,-2.152265737Santa Maria  City of,34.8762757,-120.4457325,101103,1031189664,10199.39729,Mar,15,16%,-2.794407421,-2.152265737Santa Maria  City of,34.8762757,-120.4457325,101103,1572687586,15555.30089,Oct,14,16%,-2.794407421,-2.152265737Santa Maria  City of,34.8762757,-120.4457325,101103,1052158832,10406.8013,Nov,14,16%,-2.794407421,-2.152265737Santa Monica  City of,37.7387836,-122.4647739,92185,1196568902,12980.08247,Jan,15,20%,-1.903519614,-1.353656808Santa Monica  City of,37.7387836,-122.4647739,92185,1262813621,13698.68874,Apr,15,20%,-1.903519614,-1.353656808Santa Monica  City of,37.7387836,-122.4647739,92185,1210574928,13132.01636,Jun,15,20%,-1.903519614,-1.353656808Santa Monica  City of,37.7387836,-122.4647739,92185,1286661720,13957.387,Mar,15,20%,-1.903519614,-1.353656808Santa Monica  City of,37.7387836,-122.4647739,92185,1577002862,17106.93564,Jun,14,20%,-1.903519614,-1.353656808Santa Monica  City of,37.7387836,-122.4647739,92185,1648547159,17883.03041,Jul,14,20%,-1.903519614,-1.353656808Santa Monica  City of,37.7387836,-122.4647739,92185,1255621338,13620.66863,May,15,20%,-1.903519614,-1.353656808Santa Monica  City of,37.7387836,-122.4647739,93283,1312023984,14064.98488,Aug,15,20%,-1.903519614,-1.353656808Santa Monica  City of,37.7387836,-122.4647739,92185,1136380843,12327.17734,Feb,15,20%,-1.903519614,-1.353656808Santa Monica  City of,37.7387836,-122.4647739,92185,1073542995,11645.52796,Dec,14,20%,-1.903519614,-1.353656808Santa Monica  City of,37.7387836,-122.4647739,93283,1242372394,13318.31517,Jul,15,20%,-1.903519614,-1.353656808Santa Monica  City of,37.7387836,-122.4647739,92185,1304831701,14154.49043,Nov,14,20%,-1.903519614,-1.353656808Santa Monica  City of,37.7387836,-122.4647739,92185,1510001060,16380.11672,Sep,14,20%,-1.903519614,-1.353656808Santa Monica  City of,37.7387836,-122.4647739,92185,1594794301,17299.93275,Aug,14,20%,-1.903519614,-1.353656808Santa Monica  City of,37.7387836,-122.4647739,92185,1530063746,16597.75176,Oct,14,20%,-1.903519614,-1.353656808Santa Paula  City of,34.3497013,-119.0616822,30009,424884679.1,14158.57507,Jul,15,28%,-2.447310248,-1.899907431Santa Paula  City of,34.3497013,-119.0616822,30009,415991285,13862.2175,Jun,15,28%,-2.447310248,-1.899907431Santa Paula  City of,34.3497013,-119.0616822,30009,413820359.4,13789.87502,May,15,28%,-2.447310248,-1.899907431Santa Paula  City of,34.3497013,-119.0616822,30009,417323443.9,13906.60948,Apr,15,28%,-2.447310248,-1.899907431Santa Paula  City of,34.3497013,-119.0616822,30009,400831810.2,13357.05322,Mar,15,28%,-2.447310248,-1.899907431Santa Paula  City of,34.3497013,-119.0616822,30009,341674087.3,11385.72053,Feb,15,28%,-2.447310248,-1.899907431Santa Paula  City of,34.3497013,-119.0616822,30009,352972768.3,11762.23028,Jan,15,28%,-2.447310248,-1.899907431Santa Paula  City of,34.3497013,-119.0616822,29321,293247644.5,10001.28387,Dec,14,28%,-2.447310248,-1.899907431Santa Paula  City of,34.3497013,-119.0616822,29321,401917273,13707.48859,Nov,14,28%,-2.447310248,-1.899907431Santa Paula  City of,34.3497013,-119.0616822,29321,514423025.7,17544.52528,Oct,14,28%,-2.447310248,-1.899907431Santa Paula  City of,34.3497013,-119.0616822,29321,515175448.8,17570.18686,Sep,14,28%,-2.447310248,-1.899907431Santa Paula  City of,34.3497013,-119.0616822,29321,548158716.3,18695.0894,Aug,14,28%,-2.447310248,-1.899907431Santa Paula  City of,34.3497013,-119.0616822,30009,442128736,14733.20457,Aug,15,28%,-2.447310248,-1.899907431Santa Paula  City of,34.3497013,-119.0616822,29321,555016867.6,18928.98836,Jun,14,28%,-2.447310248,-1.899907431Santa Paula  City of,34.3497013,-119.0616822,29321,572186915.6,19514.57712,Jul,14,28%,-2.447310248,-1.899907431Santa Rosa  City of,37.7259408,-122.4343878,170093,2269017224,13339.86245,Jun,14,16%,-1.925844079,-1.347777987Santa Rosa  City of,37.7259408,-122.4343878,170093,1746606726,10268.53972,Mar,15,16%,-1.925844079,-1.347777987Santa Rosa  City of,37.7259408,-122.4343878,170093,2808221265,16509.91672,Jul,14,16%,-1.925844079,-1.347777987Santa Rosa  City of,37.7259408,-122.4343878,170974,1839154471,10756.92486,Jul,15,16%,-1.925844079,-1.347777987Santa Rosa  City of,37.7259408,-122.4343878,170974,1704772497,9970.945856,May,15,16%,-1.925844079,-1.347777987Santa Rosa  City of,37.7259408,-122.4343878,170974,1477287616,8640.422612,Apr,15,16%,-1.925844079,-1.347777987Santa Rosa  City of,37.7259408,-122.4343878,170093,1301678823,7652.747749,Nov,14,16%,-1.925844079,-1.347777987Santa Rosa  City of,37.7259408,-122.4343878,170093,2197917951,12921.86011,Aug,14,16%,-1.925844079,-1.347777987Santa Rosa  City of,37.7259408,-122.4343878,170093,2420200676,14228.69063,Sep,14,16%,-1.925844079,-1.347777987Santa Rosa  City of,37.7259408,-122.4343878,170974,2185046190,12779.99105,Jun,15,16%,-1.925844079,-1.347777987Santa Rosa  City of,37.7259408,-122.4343878,170093,1484980463,8730.403153,Dec,14,16%,-1.925844079,-1.347777987Santa Rosa  City of,37.7259408,-122.4343878,170974,2030036495,11873.36376,Aug,15,16%,-1.925844079,-1.347777987Santa Rosa  City of,37.7259408,-122.4343878,170093,1236703420,7270.748476,Feb,15,16%,-1.925844079,-1.347777987Santa Rosa  City of,37.7259408,-122.4343878,170093,1254334297,7374.402811,Jan,15,16%,-1.925844079,-1.347777987Santa Rosa  City of,37.7259408,-122.4343878,170093,1862467332,10949.70006,Oct,14,16%,-1.925844079,-1.347777987Scotts Valley Water District,36.778261,-119.4179324,10309,155836265.8,15116.52593,Aug,14,16%,-2.515306782,-2.230197237Scotts Valley Water District,36.778261,-119.4179324,10309,133661190.4,12965.48554,Oct,14,16%,-2.515306782,-2.230197237Scotts Valley Water District,36.778261,-119.4179324,10309,137438623.3,13331.90642,Sep,14,16%,-2.515306782,-2.230197237Scotts Valley Water District,36.778261,-119.4179324,10309,90746604.48,8802.658307,Dec,14,16%,-2.515306782,-2.230197237Scotts Valley Water District,36.778261,-119.4179324,10509,123884533.6,11788.42264,Jun,15,16%,-2.515306782,-2.230197237Scotts Valley Water District,36.778261,-119.4179324,10309,98067959.51,9512.84892,Nov,14,16%,-2.515306782,-2.230197237Scotts Valley Water District,36.778261,-119.4179324,10509,114612169.3,10906.09662,May,15,16%,-2.515306782,-2.230197237Scotts Valley Water District,36.778261,-119.4179324,10309,158927728.9,15416.40595,Jul,14,16%,-2.515306782,-2.230197237Scotts Valley Water District,36.778261,-119.4179324,10509,119956543.5,11414.64873,Mar,15,16%,-2.515306782,-2.230197237Scotts Valley Water District,36.778261,-119.4179324,10509,134551023.6,12803.40885,Jul,15,16%,-2.515306782,-2.230197237Scotts Valley Water District,36.778261,-119.4179324,10309,96192934.91,9330.966622,Jan,15,16%,-2.515306782,-2.230197237Scotts Valley Water District,36.778261,-119.4179324,10509,113649591.9,10814.50109,Apr,15,16%,-2.515306782,-2.230197237Scotts Valley Water District,36.778261,-119.4179324,10309,90085323.2,8738.51229,Feb,15,16%,-2.515306782,-2.230197237Scotts Valley Water District,36.778261,-119.4179324,10509,135385911.5,12882.85388,Aug,15,16%,-2.515306782,-2.230197237Seal Beach  City of,33.7494591,-118.1058393,24168,361409774.7,14954.06218,Apr,15,8%,-2.402064031,-1.792077456Seal Beach  City of,33.7494591,-118.1058393,25561,378678501.1,14814.69822,Jul,15,8%,-2.402064031,-1.792077456Seal Beach  City of,33.7494591,-118.1058393,25561,392246786.2,15345.51802,Aug,15,8%,-2.402064031,-1.792077456Seal Beach  City of,33.7494591,-118.1058393,25561,499559586.2,19543.82012,Jul,14,8%,-2.402064031,-1.792077456Seal Beach  City of,33.7494591,-118.1058393,24168,273832662.1,11330.38158,Feb,15,8%,-2.402064031,-1.792077456Seal Beach  City of,33.7494591,-118.1058393,24168,250396533.3,10360.66424,Jan,15,8%,-2.402064031,-1.792077456Seal Beach  City of,33.7494591,-118.1058393,24168,250396533.3,10360.66424,Dec,14,8%,-2.402064031,-1.792077456Seal Beach  City of,33.7494591,-118.1058393,24168,337763954.3,13975.66842,Mar,15,8%,-2.402064031,-1.792077456Seal Beach  City of,33.7494591,-118.1058393,25561,407048551.7,15924.59417,Oct,14,8%,-2.402064031,-1.792077456Seal Beach  City of,33.7494591,-118.1058393,25561,428017719.5,16744.95206,Sep,14,8%,-2.402064031,-1.792077456Seal Beach  City of,33.7494591,-118.1058393,25561,365110216.1,14283.87841,Jun,15,8%,-2.402064031,-1.792077456Seal Beach  City of,33.7494591,-118.1058393,24168,339207126.4,14035.38259,Nov,14,8%,-2.402064031,-1.792077456Seal Beach  City of,33.7494591,-118.1058393,24168,483524340.2,20006.79991,Jun,14,8%,-2.402064031,-1.792077456Seal Beach  City of,33.7494591,-118.1058393,25561,351541931,13753.05861,May,15,8%,-2.402064031,-1.792077456Seal Beach  City of,33.7494591,-118.1058393,25561,466255613.8,18240.89878,Aug,14,8%,-2.402064031,-1.792077456Serrano Water District,36.778261,-119.4179324,6641,196123393.1,29532.20796,Jan,15,36%,-2.515306782,-2.230197237Serrano Water District,36.778261,-119.4179324,6641,230660846,34732.84836,Jul,15,36%,-2.515306782,-2.230197237Serrano Water District,36.778261,-119.4179324,6641,236334856.1,35587.23928,Jun,15,36%,-2.515306782,-2.230197237Serrano Water District,36.778261,-119.4179324,6641,221163046.4,33302.67225,May,15,36%,-2.515306782,-2.230197237Serrano Water District,36.778261,-119.4179324,6641,218449389.4,32894.05051,Feb,15,36%,-2.515306782,-2.230197237Serrano Water District,36.778261,-119.4179324,6641,282713721.4,42570.95639,Apr,15,36%,-2.515306782,-2.230197237Serrano Water District,36.778261,-119.4179324,6641,293568349.4,44205.44337,Nov,14,36%,-2.515306782,-2.230197237Serrano Water District,36.778261,-119.4179324,6641,302202712.6,45505.60347,Oct,14,36%,-2.515306782,-2.230197237Serrano Water District,36.778261,-119.4179324,6641,271242353.1,40843.60083,Aug,15,36%,-2.515306782,-2.230197237Serrano Water District,36.778261,-119.4179324,6641,181321627.6,27303.36208,Dec,14,36%,-2.515306782,-2.230197237Serrano Water District,36.778261,-119.4179324,6641,442449440.9,66623.91822,Jul,14,36%,-2.515306782,-2.230197237Serrano Water District,36.778261,-119.4179324,6641,397920796.3,59918.80685,Jun,14,36%,-2.515306782,-2.230197237Serrano Water District,36.778261,-119.4179324,6641,392246786.2,59064.41593,Sep,14,36%,-2.515306782,-2.230197237Serrano Water District,36.778261,-119.4179324,6641,411859125.5,62017.63673,Aug,14,36%,-2.515306782,-2.230197237Serrano Water District,36.778261,-119.4179324,6641,276176274.9,41586.54945,Mar,15,36%,-2.515306782,-2.230197237Shafter  City of,35.5045173,-119.274344,18488,511030692.1,27641.21009,Oct,14,36%,-2.664438608,-2.229470012Shafter  City of,35.5045173,-119.274344,18488,344472540.6,18632.2231,Nov,14,36%,-2.664438608,-2.229470012Shafter  City of,35.5045173,-119.274344,18488,230910164.6,12489.73197,Dec,14,36%,-2.664438608,-2.229470012Shafter  City of,35.5045173,-119.274344,18488,257408052.3,13922.9799,Feb,15,36%,-2.664438608,-2.229470012Shafter  City of,35.5045173,-119.274344,18488,575382705.2,31121.95506,Apr,15,36%,-2.664438608,-2.229470012Shafter  City of,35.5045173,-119.274344,18488,757082506.9,40949.94087,Jun,14,36%,-2.664438608,-2.229470012Shafter  City of,35.5045173,-119.274344,18488,253622639.8,13718.23019,Jan,15,36%,-2.664438608,-2.229470012Shafter  City of,35.5045173,-119.274344,19100,586738942.8,30719.31638,Aug,15,36%,-2.664438608,-2.229470012Shafter  City of,35.5045173,-119.274344,19100,609451418,31908.45121,Jul,15,36%,-2.664438608,-2.229470012Shafter  City of,35.5045173,-119.274344,18488,405039141.2,21908.21837,Mar,15,36%,-2.664438608,-2.229470012Shafter  City of,35.5045173,-119.274344,18488,465605741.7,25184.21364,May,15,36%,-2.664438608,-2.229470012Shafter  City of,35.5045173,-119.274344,18488,772224157,41768.93969,Jul,14,36%,-2.664438608,-2.229470012Shafter  City of,35.5045173,-119.274344,18488,609451418,32964.7024,Sep,14,36%,-2.664438608,-2.229470012Shafter  City of,35.5045173,-119.274344,18488,632163893.2,34193.20063,Aug,14,36%,-2.664438608,-2.229470012Shafter  City of,35.5045173,-119.274344,19100,564026467.6,29530.18155,Jun,15,36%,-2.664438608,-2.229470012Shasta Lake  City of,34.5438771,-118.1227662,10293,234719425.2,22803.79143,Aug,15,28%,-1.965843293,-1.499850885Shasta Lake  City of,34.5438771,-118.1227662,10020,242499962.1,24201.59303,Jul,15,28%,-1.965843293,-1.499850885Shasta Lake  City of,34.5438771,-118.1227662,10020,220670245.1,22022.97856,Jun,15,28%,-1.965843293,-1.499850885Shasta Lake  City of,34.5438771,-118.1227662,10020,190635267.9,19025.47584,May,15,28%,-1.965843293,-1.499850885Shasta Lake  City of,34.5438771,-118.1227662,10293,147894553.5,14368.45949,Apr,15,28%,-1.965843293,-1.499850885Shasta Lake  City of,34.5438771,-118.1227662,10293,135920915.2,13205.17975,Mar,15,28%,-1.965843293,-1.499850885Shasta Lake  City of,34.5438771,-118.1227662,10293,112183728.8,10899.03126,Feb,15,28%,-1.965843293,-1.499850885Shasta Lake  City of,34.5438771,-118.1227662,10293,135580606.6,13172.11761,Jan,15,28%,-1.965843293,-1.499850885Shasta Lake  City of,34.5438771,-118.1227662,10293,129350196.1,12566.81202,Dec,14,28%,-1.965843293,-1.499850885Shasta Lake  City of,34.5438771,-118.1227662,10293,130556228.5,12683.98217,Nov,14,28%,-1.965843293,-1.499850885Shasta Lake  City of,34.5438771,-118.1227662,10293,200637463.5,19492.61279,Oct,14,28%,-1.965843293,-1.499850885Shasta Lake  City of,34.5438771,-118.1227662,10293,234047514.5,22738.51302,Sep,14,28%,-1.965843293,-1.499850885Sierra Madre  City of,34.1368613,-118.0226655,11094,212133969.5,19121.50437,May,15,32%,-2.396356315,-1.948476179Sierra Madre  City of,34.1368613,-118.0226655,11094,204930443.6,18472.18709,Mar,15,32%,-2.396356315,-1.948476179Sierra Madre  City of,34.1368613,-118.0226655,10971,247929572.4,22598.63024,Oct,14,32%,-2.396356315,-1.948476179Sierra Madre  City of,34.1368613,-118.0226655,10971,261497857.5,23835.3712,Sep,14,32%,-2.396356315,-1.948476179Sierra Madre  City of,34.1368613,-118.0226655,11094,234694327.1,21155.06824,Jul,15,32%,-2.396356315,-1.948476179Sierra Madre  City of,34.1368613,-118.0226655,11094,214810622.1,19362.77466,Jun,15,32%,-2.396356315,-1.948476179Sierra Madre  City of,34.1368613,-118.0226655,10917,284133064.8,26026.66161,Jun,14,32%,-2.396356315,-1.948476179Sierra Madre  City of,34.1368613,-118.0226655,10971,146784174.7,13379.28855,Dec,14,32%,-2.396356315,-1.948476179Sierra Madre  City of,34.1368613,-118.0226655,10971,169529554.4,15452.51612,Feb,15,32%,-2.396356315,-1.948476179Sierra Madre  City of,34.1368613,-118.0226655,10971,208458197.7,19000.83836,Nov,14,32%,-2.396356315,-1.948476179Sierra Madre  City of,34.1368613,-118.0226655,10971,165150698.7,15053.38609,Jan,15,32%,-2.396356315,-1.948476179Sierra Madre  City of,34.1368613,-118.0226655,11094,256119882.7,23086.34241,Aug,15,32%,-2.396356315,-1.948476179Sierra Madre  City of,34.1368613,-118.0226655,11100,301432400.1,27156.07208,Jul,14,32%,-2.396356315,-1.948476179Sierra Madre  City of,34.1368613,-118.0226655,10971,284095210.7,25895.10625,Aug,14,32%,-2.396356315,-1.948476179"Soledad, City of",36.424687,-121.326319,16729,295874278.9,17686.30993,Jun,14,24%,-2.686737631,-2.181553522"Soledad, City of",36.424687,-121.326319,16729,246883469.9,14757.81397,Oct,14,24%,-2.686737631,-2.181553522"Soledad, City of",36.424687,-121.326319,16729,249757355.1,14929.60458,Aug,15,24%,-2.686737631,-2.181553522"Soledad, City of",36.424687,-121.326319,16729,299040397.9,17875.56925,Jul,14,24%,-2.686737631,-2.181553522"Soledad, City of",36.424687,-121.326319,16729,249700573.9,14926.21041,Sep,14,24%,-2.686737631,-2.181553522"Soledad, City of",36.424687,-121.326319,16729,204782111.7,12241.14482,Mar,15,24%,-2.686737631,-2.181553522"Soledad, City of",36.424687,-121.326319,16729,247951713.3,14821.66975,Jul,15,24%,-2.686737631,-2.181553522"Soledad, City of",36.424687,-121.326319,16729,288128189.2,17223.2763,Aug,14,24%,-2.686737631,-2.181553522"Soledad, City of",36.424687,-121.326319,16729,212240131.4,12686.95866,May,15,24%,-2.686737631,-2.181553522"Soledad, City of",36.424687,-121.326319,16729,178760050.3,10685.63873,Nov,14,24%,-2.686737631,-2.181553522"Soledad, City of",36.424687,-121.326319,16729,162888951.1,9736.920984,Feb,15,24%,-2.686737631,-2.181553522"Soledad, City of",36.424687,-121.326319,16729,223352103.9,13351.19277,Jun,15,24%,-2.686737631,-2.181553522"Soledad, City of",36.424687,-121.326319,16729,147390336.6,8810.469042,Dec,14,24%,-2.686737631,-2.181553522"Soledad, City of",36.424687,-121.326319,16729,243698045.2,14567.40063,Apr,15,24%,-2.686737631,-2.181553522"Soledad, City of",36.424687,-121.326319,16729,144361249.5,8629.40101,Jan,15,24%,-2.686737631,-2.181553522Sonoma  City of,38.6231422,-121.451199,11426,109533064.8,9586.300089,Jan,15,28%,-2.027202311,-1.427038913Sonoma  City of,38.6231422,-121.451199,11579,195833525.2,16912.81848,Jun,15,28%,-2.027202311,-1.427038913Sonoma  City of,38.6231422,-121.451199,11579,199453790.3,17225.47632,Jul,15,28%,-2.027202311,-1.427038913Sonoma  City of,38.6231422,-121.451199,11426,287030903,25120.8562,Sep,14,28%,-2.027202311,-1.427038913Sonoma  City of,38.6231422,-121.451199,11426,129145404.1,11302.76598,Dec,14,28%,-2.027202311,-1.427038913Sonoma  City of,38.6231422,-121.451199,11579,186625593.6,16117.59164,Mar,15,28%,-2.027202311,-1.427038913Sonoma  City of,38.6231422,-121.451199,11426,122731305.7,10741.40607,Feb,15,28%,-2.027202311,-1.427038913Sonoma  City of,38.6231422,-121.451199,11579,228070537,19696.91139,Aug,15,28%,-2.027202311,-1.427038913Sonoma  City of,38.6231422,-121.451199,11579,240528689.6,20772.83787,Aug,14,28%,-2.027202311,-1.427038913Sonoma  City of,38.6231422,-121.451199,11426,341304043.2,29870.82472,Jul,14,28%,-2.027202311,-1.427038913Sonoma  City of,38.6231422,-121.451199,11426,222075822,19436.00752,Oct,14,28%,-2.027202311,-1.427038913Sonoma  City of,38.6231422,-121.451199,11426,289251167.8,25315.1731,Jun,14,28%,-2.027202311,-1.427038913Sonoma  City of,38.6231422,-121.451199,11579,182678456.1,15776.70404,May,15,28%,-2.027202311,-1.427038913Sonoma  City of,38.6231422,-121.451199,11579,214378903.9,18514.45754,Apr,15,28%,-2.027202311,-1.427038913Sonoma  City of,38.6231422,-121.451199,11426,129762144.4,11356.7429,Nov,14,28%,-2.027202311,-1.427038913Soquel Creek Water District,36.778261,-119.4179324,39034,286180973,7331.582031,Nov,14,8%,-2.515306782,-2.230197237Soquel Creek Water District,36.778261,-119.4179324,39054,343488333.4,8795.215173,Jun,15,8%,-2.515306782,-2.230197237Soquel Creek Water District,36.778261,-119.4179324,39043,273954090.5,7016.727468,Dec,14,8%,-2.515306782,-2.230197237Soquel Creek Water District,36.778261,-119.4179324,39008,437226503.9,11208.63679,Jun,14,8%,-2.515306782,-2.230197237Soquel Creek Water District,36.778261,-119.4179324,39028,359481701.3,9210.866591,Oct,14,8%,-2.515306782,-2.230197237Soquel Creek Water District,36.778261,-119.4179324,39028,368797601.6,9449.564455,Sep,14,8%,-2.515306782,-2.230197237Soquel Creek Water District,36.778261,-119.4179324,39014,447738594.6,11476.35707,Jul,14,8%,-2.515306782,-2.230197237Soquel Creek Water District,36.778261,-119.4179324,39051,329058340.8,8426.374248,May,15,8%,-2.515306782,-2.230197237Soquel Creek Water District,36.778261,-119.4179324,39051,309779234.7,7932.683791,Apr,15,8%,-2.515306782,-2.230197237Soquel Creek Water District,36.778261,-119.4179324,39057,378643459.6,9694.63757,Jul,15,8%,-2.515306782,-2.230197237Soquel Creek Water District,36.778261,-119.4179324,39051,379525460.7,9718.712983,Aug,15,8%,-2.515306782,-2.230197237Soquel Creek Water District,36.778261,-119.4179324,39046,288777766,7395.83481,Jan,15,8%,-2.515306782,-2.230197237Soquel Creek Water District,36.778261,-119.4179324,39051,319178414.1,8173.373641,Mar,15,8%,-2.515306782,-2.230197237Soquel Creek Water District,36.778261,-119.4179324,39049,258827582,6628.276832,Feb,15,8%,-2.515306782,-2.230197237Soquel Creek Water District,36.778261,-119.4179324,39017,409131172.1,10485.97207,Aug,14,8%,-2.515306782,-2.230197237South Coast Water District,36.778261,-119.4179324,34816,569004536.1,16343.19095,Mar,15,24%,-2.515306782,-2.230197237South Coast Water District,36.778261,-119.4179324,34992,560863565,16028.33691,Apr,15,24%,-2.515306782,-2.230197237South Coast Water District,36.778261,-119.4179324,34992,560000128.7,16003.66166,Jul,15,24%,-2.515306782,-2.230197237South Coast Water District,36.778261,-119.4179324,34816,749462727.3,21526.38808,Sep,14,24%,-2.515306782,-2.230197237South Coast Water District,36.778261,-119.4179324,34992,533850343,15256.35411,May,15,24%,-2.515306782,-2.230197237South Coast Water District,36.778261,-119.4179324,34992,571224800.9,16324.4399,Aug,15,24%,-2.515306782,-2.230197237South Coast Water District,36.778261,-119.4179324,34816,432704945.3,12428.33597,Dec,14,24%,-2.515306782,-2.230197237South Coast Water District,36.778261,-119.4179324,34816,614273268.9,17643.4188,Nov,14,24%,-2.515306782,-2.230197237South Coast Water District,36.778261,-119.4179324,34816,454414201.4,13051.87849,Feb,15,24%,-2.515306782,-2.230197237South Coast Water District,36.778261,-119.4179324,34816,468969270.8,13469.9354,Jan,15,24%,-2.515306782,-2.230197237South Coast Water District,36.778261,-119.4179324,34816,830132349.4,23843.41537,Jul,14,24%,-2.515306782,-2.230197237South Coast Water District,36.778261,-119.4179324,34816,717022191.2,20594.61717,Oct,14,24%,-2.515306782,-2.230197237South Coast Water District,36.778261,-119.4179324,34861,795718244.6,22825.45666,Aug,14,24%,-2.515306782,-2.230197237South Coast Water District,36.778261,-119.4179324,34816,803982563.6,23092.33007,Jun,14,24%,-2.515306782,-2.230197237South Coast Water District,36.778261,-119.4179324,34992,540881181.6,15457.28114,Jun,15,24%,-2.515306782,-2.230197237South Feather Water and Power Agency,36.778261,-119.4179324,16346,896385688.1,54838.22881,Jun,14,36%,-2.515306782,-2.230197237South Feather Water and Power Agency,36.778261,-119.4179324,18000,772224157,42901.34205,Jul,15,36%,-2.515306782,-2.230197237South Feather Water and Power Agency,36.778261,-119.4179324,16346,885786533,54189.80381,Aug,14,36%,-2.515306782,-2.230197237South Feather Water and Power Agency,36.778261,-119.4179324,16348,511030692.1,31259.52362,May,15,36%,-2.515306782,-2.230197237South Feather Water and Power Agency,36.778261,-119.4179324,16348,408824553.7,25007.6189,Apr,15,36%,-2.515306782,-2.230197237South Feather Water and Power Agency,36.778261,-119.4179324,18300,344472540.6,18823.6361,Mar,15,36%,-2.515306782,-2.230197237South Feather Water and Power Agency,36.778261,-119.4179324,16348,230531623.3,14101.51843,Feb,15,36%,-2.515306782,-2.230197237South Feather Water and Power Agency,36.778261,-119.4179324,16346,253622639.8,15515.884,Jan,15,36%,-2.515306782,-2.230197237South Feather Water and Power Agency,36.778261,-119.4179324,16346,242266402.2,14821.14292,Dec,14,36%,-2.515306782,-2.230197237South Feather Water and Power Agency,36.778261,-119.4179324,16346,317974652.9,19452.75008,Nov,14,36%,-2.515306782,-2.230197237South Feather Water and Power Agency,36.778261,-119.4179324,16346,528822131,32351.77603,Oct,14,36%,-2.515306782,-2.230197237South Feather Water and Power Agency,36.778261,-119.4179324,16346,726799206.6,44463.42876,Sep,14,36%,-2.515306782,-2.230197237South Feather Water and Power Agency,36.778261,-119.4179324,16346,1039474282,63591.96635,Jul,14,36%,-2.515306782,-2.230197237South Feather Water and Power Agency,36.778261,-119.4179324,17500,741940856.7,42396.62038,Aug,15,36%,-2.515306782,-2.230197237South Feather Water and Power Agency,36.778261,-119.4179324,16348,681374256.2,41679.36483,Jun,15,36%,-2.515306782,-2.230197237South Gate  City of,33.954737,-118.212016,95115,919041620.9,9662.425705,Jul,14,12%,-2.449673571,-1.868982788South Gate  City of,33.954737,-118.212016,96057,880705048.2,9168.567082,Aug,15,12%,-2.449673571,-1.868982788South Gate  City of,33.954737,-118.212016,102832,862363193.8,8386.136551,Sep,14,12%,-2.449673571,-1.868982788South Gate  City of,33.954737,-118.212016,95115,931906822.1,9797.68514,Jun,14,12%,-2.449673571,-1.868982788South Gate  City of,33.954737,-118.212016,95115,607415117.6,6386.112785,Feb,15,12%,-2.449673571,-1.868982788South Gate  City of,33.954737,-118.212016,96057,767335859.2,7988.33879,Mar,15,12%,-2.449673571,-1.868982788South Gate  City of,33.954737,-118.212016,102832,937950876.4,9121.196479,Aug,14,12%,-2.449673571,-1.868982788South Gate  City of,33.954737,-118.212016,102832,917253074.2,8919.918646,Oct,14,12%,-2.449673571,-1.868982788South Gate  City of,33.954737,-118.212016,96057,816564064.3,8500.828303,Jul,15,12%,-2.449673571,-1.868982788South Gate  City of,33.954737,-118.212016,96057,822731466.6,8565.033955,Jun,15,12%,-2.449673571,-1.868982788South Gate  City of,33.954737,-118.212016,102832,836016051.2,8129.921145,Nov,14,12%,-2.449673571,-1.868982788South Gate  City of,33.954737,-118.212016,96057,836299751.7,8706.286389,May,15,12%,-2.449673571,-1.868982788South Gate  City of,33.954737,-118.212016,96057,767903260.2,7994.24571,Apr,15,12%,-2.449673571,-1.868982788South Gate  City of,33.954737,-118.212016,95115,938616955.8,9868.232727,Jan,15,12%,-2.449673571,-1.868982788South Gate  City of,33.954737,-118.212016,95115,686986942,7222.698229,Dec,14,12%,-2.449673571,-1.868982788South Pasadena  City of,34.1060142,-118.1752291,25899,408282032.2,15764.39369,Aug,15,28%,-2.410015957,-1.955054287South Pasadena  City of,34.1060142,-118.1752291,25899,366676736.3,14157.94958,Jun,15,28%,-2.410015957,-1.955054287South Pasadena  City of,34.1060142,-118.1752291,25899,337973646,13049.67937,May,15,28%,-2.410015957,-1.955054287South Pasadena  City of,34.1060142,-118.1752291,25899,373744579.3,14430.84981,Mar,15,28%,-2.410015957,-1.955054287South Pasadena  City of,34.1060142,-118.1752291,25899,315770997.7,12192.40116,Feb,15,28%,-2.410015957,-1.955054287South Pasadena  City of,34.1060142,-118.1752291,25899,312070556.3,12049.52146,Jan,15,28%,-2.410015957,-1.955054287South Pasadena  City of,34.1060142,-118.1752291,25899,362643255.2,14002.21071,Apr,15,28%,-2.410015957,-1.955054287South Pasadena  City of,34.1060142,-118.1752291,25899,466255613.8,18002.84234,Oct,14,28%,-2.410015957,-1.955054287South Pasadena  City of,34.1060142,-118.1752291,25899,488458262,18860.12055,Sep,14,28%,-2.410015957,-1.955054287South Pasadena  City of,34.1060142,-118.1752291,25899,527929636.8,20384.17069,Aug,14,28%,-2.410015957,-1.955054287South Pasadena  City of,34.1060142,-118.1752291,25899,394713747.1,15240.50145,Nov,14,28%,-2.410015957,-1.955054287South Pasadena  City of,34.1060142,-118.1752291,25899,526696156.3,20336.54412,Jul,14,28%,-2.410015957,-1.955054287South Pasadena  City of,34.1060142,-118.1752291,25899,508193949.4,19622.14562,Jun,14,28%,-2.410015957,-1.955054287South Pasadena  City of,34.1060142,-118.1752291,25899,382206255.2,14757.56806,Jul,15,28%,-2.410015957,-1.955054287South Tahoe Public Utilities District,36.778261,-119.4179324,33124,815010674.9,24604.83863,Aug,15,20%,-2.515306782,-2.230197237South Tahoe Public Utilities District,36.778261,-119.4179324,33124,801371833.5,24193.0876,Sep,14,20%,-2.515306782,-2.230197237South Tahoe Public Utilities District,36.778261,-119.4179324,33124,488696758.2,14753.55507,May,15,20%,-2.515306782,-2.230197237South Tahoe Public Utilities District,36.778261,-119.4179324,33124,385733537.2,11645.13758,Apr,15,20%,-2.515306782,-2.230197237South Tahoe Public Utilities District,36.778261,-119.4179324,33124,373998758.4,11290.86941,Feb,15,20%,-2.515306782,-2.230197237South Tahoe Public Utilities District,36.778261,-119.4179324,33124,781505988.5,23593.34587,Jul,15,20%,-2.515306782,-2.230197237South Tahoe Public Utilities District,36.778261,-119.4179324,33124,441000560.2,13313.62638,Dec,14,20%,-2.515306782,-2.230197237South Tahoe Public Utilities District,36.778261,-119.4179324,33124,369456263.3,11153.73335,Mar,15,20%,-2.515306782,-2.230197237South Tahoe Public Utilities District,36.778261,-119.4179324,33124,683395666.5,20631.43541,Jun,15,20%,-2.515306782,-2.230197237South Tahoe Public Utilities District,36.778261,-119.4179324,33124,489075299.4,14764.98308,Jan,15,20%,-2.515306782,-2.230197237South Tahoe Public Utilities District,36.778261,-119.4179324,33124,368320639.6,11119.44933,Nov,14,20%,-2.515306782,-2.230197237South Tahoe Public Utilities District,36.778261,-119.4179324,33124,911148797,27507.20918,Aug,14,20%,-2.515306782,-2.230197237South Tahoe Public Utilities District,36.778261,-119.4179324,33124,1054615932,31838.42326,Jul,14,20%,-2.515306782,-2.230197237South Tahoe Public Utilities District,36.778261,-119.4179324,33124,537528579.9,16227.76778,Oct,14,20%,-2.515306782,-2.230197237South Tahoe Public Utilities District,36.778261,-119.4179324,33124,942567721,28455.73364,Jun,14,20%,-2.515306782,-2.230197237Stockton  City of,37.9515221,-121.2840185,177808,2914767651,16392.78127,May,15,28%,-2.294586211,-1.411930623Stockton  City of,37.9515221,-121.2840185,169963,3978468574,23407.85096,Sep,14,28%,-2.294586211,-1.411930623Stockton  City of,37.9515221,-121.2840185,177808,3508888149,19734.14103,Aug,15,28%,-2.294586211,-1.411930623Stockton  City of,37.9515221,-121.2840185,177808,3439690808,19344.97215,Jul,15,28%,-2.294586211,-1.411930623Stockton  City of,37.9515221,-121.2840185,177808,3123684569,17567.73919,Jun,15,28%,-2.294586211,-1.411930623Stockton  City of,37.9515221,-121.2840185,177808,2181306119,12267.7614,Mar,15,28%,-2.294586211,-1.411930623Stockton  City of,37.9515221,-121.2840185,177808,1491452538,8387.99457,Feb,15,28%,-2.294586211,-1.411930623Stockton  City of,37.9515221,-121.2840185,177808,1532789243,8620.474013,Jan,15,28%,-2.294586211,-1.411930623Stockton  City of,37.9515221,-121.2840185,177808,2604363824,14647.05651,Apr,15,28%,-2.294586211,-1.411930623Stockton  City of,37.9515221,-121.2840185,169963,4311584877,25367.7852,Aug,14,28%,-2.294586211,-1.411930623Stockton  City of,37.9515221,-121.2840185,169963,4633344942,27260.9035,Jul,14,28%,-2.294586211,-1.411930623Stockton  City of,37.9515221,-121.2840185,169963,4171524613,24543.72194,Jun,14,28%,-2.294586211,-1.411930623Stockton  City of,37.9515221,-121.2840185,177808,1686628409,9485.672235,Dec,14,28%,-2.294586211,-1.411930623Stockton  City of,37.9515221,-121.2840185,177808,2149432945,12088.50527,Nov,14,28%,-2.294586211,-1.411930623Stockton  City of,37.9515221,-121.2840185,173953,3539360720,20346.64949,Oct,14,28%,-2.294586211,-1.411930623Suburban Water Systems San Jose Hills,36.778261,-119.4179324,178500,2578023500,14442.70868,Apr,15,24%,-2.515306782,-2.230197237Suburban Water Systems San Jose Hills,36.778261,-119.4179324,178500,3282131151,18387.28936,Sep,14,24%,-2.515306782,-2.230197237Suburban Water Systems San Jose Hills,36.778261,-119.4179324,178500,2636835848,14772.18963,Jun,15,24%,-2.515306782,-2.230197237Suburban Water Systems San Jose Hills,36.778261,-119.4179324,178500,2557227019,14326.20179,Mar,15,24%,-2.515306782,-2.230197237Suburban Water Systems San Jose Hills,36.778261,-119.4179324,178500,2824472896,15823.37757,Aug,15,24%,-2.515306782,-2.230197237Suburban Water Systems San Jose Hills,36.778261,-119.4179324,178500,2102714140,11779.91115,Jan,15,24%,-2.515306782,-2.230197237Suburban Water Systems San Jose Hills,36.778261,-119.4179324,178500,2405607601,13476.79328,May,15,24%,-2.515306782,-2.230197237Suburban Water Systems San Jose Hills,36.778261,-119.4179324,178500,2582784735,14469.38227,Nov,14,24%,-2.515306782,-2.230197237Suburban Water Systems San Jose Hills,36.778261,-119.4179324,178500,2066030431,11574.40017,Feb,15,24%,-2.515306782,-2.230197237Suburban Water Systems San Jose Hills,36.778261,-119.4179324,178500,3473221944,19457.82601,Aug,14,24%,-2.515306782,-2.230197237Suburban Water Systems San Jose Hills,36.778261,-119.4179324,178500,1919172247,10751.66525,Dec,14,24%,-2.515306782,-2.230197237Suburban Water Systems San Jose Hills,36.778261,-119.4179324,178500,3615331227,20253.95646,Jun,14,24%,-2.515306782,-2.230197237Suburban Water Systems San Jose Hills,36.778261,-119.4179324,178500,3069651807,17196.92889,Oct,14,24%,-2.515306782,-2.230197237Suburban Water Systems San Jose Hills,36.778261,-119.4179324,178500,2790095795,15630.78877,Jul,15,24%,-2.515306782,-2.230197237Suburban Water Systems San Jose Hills,36.778261,-119.4179324,178500,3615331227,20253.95646,Jul,14,24%,-2.515306782,-2.230197237Suburban Water Systems Whittier/La Mirada,36.778261,-119.4179324,115000,2745727503,23875.89133,Jun,14,28%,-2.515306782,-2.230197237Suburban Water Systems Whittier/La Mirada,36.778261,-119.4179324,115000,2098520306,18248.00266,Apr,15,28%,-2.515306782,-2.230197237Suburban Water Systems Whittier/La Mirada,36.778261,-119.4179324,115000,2281692154,19840.80134,Aug,15,28%,-2.515306782,-2.230197237Suburban Water Systems Whittier/La Mirada,36.778261,-119.4179324,115000,2106599603,18318.25742,Jul,15,28%,-2.515306782,-2.230197237Suburban Water Systems Whittier/La Mirada,36.778261,-119.4179324,115000,2049070074,17818.00065,Jun,15,28%,-2.515306782,-2.230197237Suburban Water Systems Whittier/La Mirada,36.778261,-119.4179324,115000,1962097367,17061.71624,Mar,15,28%,-2.515306782,-2.230197237Suburban Water Systems Whittier/La Mirada,36.778261,-119.4179324,115000,2392384691,20803.34514,Oct,14,28%,-2.515306782,-2.230197237Suburban Water Systems Whittier/La Mirada,36.778261,-119.4179324,115000,2617297518,22759.10885,Sep,14,28%,-2.515306782,-2.230197237Suburban Water Systems Whittier/La Mirada,36.778261,-119.4179324,115000,1919480617,16691.1358,May,15,28%,-2.515306782,-2.230197237Suburban Water Systems Whittier/La Mirada,36.778261,-119.4179324,115000,2913480846,25334.61605,Jul,14,28%,-2.515306782,-2.230197237Suburban Water Systems Whittier/La Mirada,36.778261,-119.4179324,115000,1945359037,16916.16554,Nov,14,28%,-2.515306782,-2.230197237Suburban Water Systems Whittier/La Mirada,36.778261,-119.4179324,115000,1549868198,13477.11476,Feb,15,28%,-2.515306782,-2.230197237Suburban Water Systems Whittier/La Mirada,36.778261,-119.4179324,115000,1567679655,13631.997,Jan,15,28%,-2.515306782,-2.230197237Suburban Water Systems Whittier/La Mirada,36.778261,-119.4179324,115000,2730580363,23744.17707,Aug,14,28%,-2.515306782,-2.230197237Suburban Water Systems Whittier/La Mirada,36.778261,-119.4179324,115000,1353448769,11769.11973,Dec,14,28%,-2.515306782,-2.230197237Suisun-Solano Water Authority,36.778261,-119.4179324,28549,239995154.7,8406.429461,Feb,15,28%,-2.515306782,-2.230197237Suisun-Solano Water Authority,36.778261,-119.4179324,28549,548884817.5,19226.06107,Jul,14,28%,-2.515306782,-2.230197237Suisun-Solano Water Authority,36.778261,-119.4179324,28549,533743167.3,18695.68697,Jun,14,28%,-2.515306782,-2.230197237Suisun-Solano Water Authority,36.778261,-119.4179324,28549,417909543.8,14638.32512,Aug,15,28%,-2.515306782,-2.230197237Suisun-Solano Water Authority,36.778261,-119.4179324,25849,415638296.3,16079.47295,Jul,15,28%,-2.515306782,-2.230197237Suisun-Solano Water Authority,36.778261,-119.4179324,28549,398982481.1,13975.35749,Jun,15,28%,-2.515306782,-2.230197237Suisun-Solano Water Authority,36.778261,-119.4179324,28549,365670850.8,12808.53448,May,15,28%,-2.515306782,-2.230197237Suisun-Solano Water Authority,36.778261,-119.4179324,28549,323652771.7,11336.74635,Apr,15,28%,-2.515306782,-2.230197237Suisun-Solano Water Authority,36.778261,-119.4179324,28549,285798646.3,10010.81111,Mar,15,28%,-2.515306782,-2.230197237Suisun-Solano Water Authority,36.778261,-119.4179324,28549,500431537,17528.86395,Aug,14,28%,-2.515306782,-2.230197237Suisun-Solano Water Authority,36.778261,-119.4179324,28549,259679299.9,9095.915789,Jan,15,28%,-2.515306782,-2.230197237Suisun-Solano Water Authority,36.778261,-119.4179324,28549,442514725.3,15500.18303,Sep,14,28%,-2.515306782,-2.230197237Suisun-Solano Water Authority,36.778261,-119.4179324,28549,383083748.5,13418.46469,Oct,14,28%,-2.515306782,-2.230197237Suisun-Solano Water Authority,36.778261,-119.4179324,28549,270278454.9,9467.177658,Dec,14,28%,-2.515306782,-2.230197237Suisun-Solano Water Authority,36.778261,-119.4179324,28549,297533425.2,10421.85103,Nov,14,28%,-2.515306782,-2.230197237Sunny Slope Water Company,36.778261,-119.4179324,30611,356747740.1,11654.23345,Mar,15,24%,-2.515306782,-2.230197237Sunny Slope Water Company,36.778261,-119.4179324,30611,381704480.4,12469.52012,Aug,15,24%,-2.515306782,-2.230197237Sunny Slope Water Company,36.778261,-119.4179324,30611,320668912.7,10475.61049,May,15,24%,-2.515306782,-2.230197237Sunny Slope Water Company,36.778261,-119.4179324,30611,342103281.2,11175.82834,Apr,15,24%,-2.515306782,-2.230197237Sunny Slope Water Company,36.778261,-119.4179324,30611,346540223.8,11320.77436,Jun,15,24%,-2.515306782,-2.230197237Sunny Slope Water Company,36.778261,-119.4179324,30611,432501385.5,14128.95317,Oct,14,24%,-2.515306782,-2.230197237Sunny Slope Water Company,36.778261,-119.4179324,30611,293563072.5,9590.117035,Feb,15,24%,-2.515306782,-2.230197237Sunny Slope Water Company,36.778261,-119.4179324,30611,367640476.7,12010.07731,Jul,15,24%,-2.515306782,-2.230197237Sunny Slope Water Company,36.778261,-119.4179324,30611,368073694.4,12024.22967,Nov,14,24%,-2.515306782,-2.230197237Sunny Slope Water Company,36.778261,-119.4179324,30500,492970655.5,16162.97231,Jul,14,24%,-2.515306782,-2.230197237Sunny Slope Water Company,36.778261,-119.4179324,30611,448615386.9,14655.36529,Sep,14,24%,-2.515306782,-2.230197237Sunny Slope Water Company,36.778261,-119.4179324,30611,285937873.8,9341.017079,Dec,14,24%,-2.515306782,-2.230197237Sunny Slope Water Company,36.778261,-119.4179324,30611,491928667.7,16070.32334,Jun,14,24%,-2.515306782,-2.230197237Sunny Slope Water Company,36.778261,-119.4179324,30611,473048301.9,15453.53964,Aug,14,24%,-2.515306782,-2.230197237Sunny Slope Water Company,36.778261,-119.4179324,30611,309337295.4,10105.42927,Jan,15,24%,-2.515306782,-2.230197237Sunnyslope County Water District,36.778261,-119.4179324,19005,133096800.6,7003.251806,Feb,15,28%,-2.515306782,-2.230197237Sunnyslope County Water District,36.778261,-119.4179324,19189,236502914.8,12324.9213,May,15,28%,-2.515306782,-2.230197237Sunnyslope County Water District,36.778261,-119.4179324,19189,255638114.6,13322.1176,Aug,15,28%,-2.515306782,-2.230197237Sunnyslope County Water District,36.778261,-119.4179324,19189,250515951.7,13055.18535,Jul,15,28%,-2.515306782,-2.230197237Sunnyslope County Water District,36.778261,-119.4179324,19189,220162394.2,11473.36465,Jun,15,28%,-2.515306782,-2.230197237Sunnyslope County Water District,36.778261,-119.4179324,19005,159373166,8385.854563,Dec,14,28%,-2.515306782,-2.230197237Sunnyslope County Water District,36.778261,-119.4179324,19189,205537755.7,10711.22808,Apr,15,28%,-2.515306782,-2.230197237Sunnyslope County Water District,36.778261,-119.4179324,19189,170755750,8898.62682,Mar,15,28%,-2.515306782,-2.230197237Sunnyslope County Water District,36.778261,-119.4179324,19005,138935481.4,7310.469952,Jan,15,28%,-2.515306782,-2.230197237Sunnyslope County Water District,36.778261,-119.4179324,19005,353817149.4,18617.05601,Jul,14,28%,-2.515306782,-2.230197237Sunnyslope County Water District,36.778261,-119.4179324,19005,337272761.7,17746.52784,Jun,14,28%,-2.515306782,-2.230197237Sunnyslope County Water District,36.778261,-119.4179324,19005,197603924.7,10397.47039,Nov,14,28%,-2.515306782,-2.230197237Sunnyslope County Water District,36.778261,-119.4179324,19005,341310464.4,17958.9826,Sep,14,28%,-2.515306782,-2.230197237Sunnyslope County Water District,36.778261,-119.4179324,19005,311206077.9,16374.95806,Aug,14,28%,-2.515306782,-2.230197237Sunnyslope County Water District,36.778261,-119.4179324,19005,284434353.4,14966.29063,Oct,14,28%,-2.515306782,-2.230197237Sunnyvale  City of,37.381259,-122.0285948,147055,2142555558,14569.75661,Oct,14,16%,-2.011740462,-1.067501468Sunnyvale  City of,37.381259,-122.0285948,147055,2570573278,17480.35278,Jul,14,16%,-2.011740462,-1.067501468Sunnyvale  City of,37.381259,-122.0285948,147055,1536916653,10451.30497,Nov,14,16%,-2.011740462,-1.067501468Sunnyvale  City of,37.381259,-122.0285948,148028,1876123779,12674.11422,Jul,15,16%,-2.011740462,-1.067501468Sunnyvale  City of,37.381259,-122.0285948,147055,2466960919,16775.77042,Aug,14,16%,-2.011740462,-1.067501468Sunnyvale  City of,37.381259,-122.0285948,147055,1730573085,11768.20295,Mar,15,16%,-2.011740462,-1.067501468Sunnyvale  City of,37.381259,-122.0285948,148028,1713304359,11574.19109,Jun,15,16%,-2.011740462,-1.067501468Sunnyvale  City of,37.381259,-122.0285948,147055,1242114823,8446.600407,Dec,14,16%,-2.011740462,-1.067501468Sunnyvale  City of,37.381259,-122.0285948,147055,2116652469,14393.61102,Sep,14,16%,-2.011740462,-1.067501468Sunnyvale  City of,37.381259,-122.0285948,147055,1306255807,8882.770438,Feb,15,16%,-2.011740462,-1.067501468Sunnyvale  City of,37.381259,-122.0285948,148028,1763877057,11915.83388,May,15,16%,-2.011740462,-1.067501468Sunnyvale  City of,37.381259,-122.0285948,148028,1813216276,12249.14392,Aug,15,16%,-2.011740462,-1.067501468Sunnyvale  City of,37.381259,-122.0285948,147055,1460440864,9931.25609,Jan,15,16%,-2.011740462,-1.067501468Sunnyvale  City of,37.381259,-122.0285948,147055,1636828570,11130.72367,Apr,15,16%,-2.011740462,-1.067501468Susanville  City of,40.4193296,-120.6616015,9344,252865557.3,27061.8105,Apr,15,36%,-1.560279018,-0.701226183Susanville  City of,40.4193296,-120.6616015,8978,383443362.7,42709.21838,Aug,15,36%,-1.560279018,-0.701226183Susanville  City of,40.4193296,-120.6616015,8978,361737807.2,40291.58022,Jul,15,36%,-1.560279018,-0.701226183Susanville  City of,40.4193296,-120.6616015,8978,339013975.7,37760.52303,Jun,15,36%,-1.560279018,-0.701226183Susanville  City of,40.4193296,-120.6616015,9344,258165134.8,27628.97419,Mar,15,36%,-1.560279018,-0.701226183Susanville  City of,40.4193296,-120.6616015,9344,231667247.1,24793.15573,Feb,15,36%,-1.560279018,-0.701226183Susanville  City of,40.4193296,-120.6616015,9344,255515346.1,27345.39234,Jan,15,36%,-1.560279018,-0.701226183Susanville  City of,40.4193296,-120.6616015,9344,255515346.1,27345.39234,Dec,14,36%,-1.560279018,-0.701226183Susanville  City of,40.4193296,-120.6616015,9344,244916191,26211.06496,Nov,14,36%,-1.560279018,-0.701226183Susanville  City of,40.4193296,-120.6616015,9344,264978877.4,28358.18465,Oct,14,36%,-1.560279018,-0.701226183Susanville  City of,40.4193296,-120.6616015,9344,359614190.8,38486.10774,Sep,14,36%,-1.560279018,-0.701226183Susanville  City of,40.4193296,-120.6616015,9344,421694956.3,45130.02529,Aug,14,36%,-1.560279018,-0.701226183Susanville  City of,40.4193296,-120.6616015,9344,509516527.1,54528.73792,Jul,14,36%,-1.560279018,-0.701226183Susanville  City of,40.4193296,-120.6616015,8978,275884650.9,30728.96535,May,15,36%,-1.560279018,-0.701226183Susanville  City of,40.4193296,-120.6616015,9344,439864936.5,47074.58652,Jun,14,36%,-1.560279018,-0.701226183Sweetwater Authority,32.6198096,-117.0933437,189970,1639295531,8629.233726,Jan,15,12%,-2.350108863,-1.469446393Sweetwater Authority,32.6198096,-117.0933437,191500,1880070917,9817.602698,Jul,15,12%,-2.350108863,-1.469446393Sweetwater Authority,32.6198096,-117.0933437,189970,2359154727,12418.56465,Jun,14,12%,-2.350108863,-1.469446393Sweetwater Authority,32.6198096,-117.0933437,189970,2305374979,12135.46865,Sep,14,12%,-2.350108863,-1.469446393Sweetwater Authority,32.6198096,-117.0933437,191500,1989850678,10390.86516,Aug,15,12%,-2.350108863,-1.469446393Sweetwater Authority,32.6198096,-117.0933437,189970,1886114971,9928.488556,Jun,15,12%,-2.350108863,-1.469446393Sweetwater Authority,32.6198096,-117.0933437,189970,1863172234,9807.718242,May,15,12%,-2.350108863,-1.469446393Sweetwater Authority,32.6198096,-117.0933437,189970,1940758155,10216.12968,Apr,15,12%,-2.350108863,-1.469446393Sweetwater Authority,32.6198096,-117.0933437,189970,1886114971,9928.488556,Mar,15,12%,-2.350108863,-1.469446393Sweetwater Authority,32.6198096,-117.0933437,189970,1656934302,8722.084021,Feb,15,12%,-2.350108863,-1.469446393Sweetwater Authority,32.6198096,-117.0933437,189970,2479789116,13053.58276,Jul,14,12%,-2.350108863,-1.469446393Sweetwater Authority,32.6198096,-117.0933437,189970,1565286703,8239.652068,Dec,14,12%,-2.350108863,-1.469446393Sweetwater Authority,32.6198096,-117.0933437,189970,2381727420,12537.38706,Aug,14,12%,-2.350108863,-1.469446393Sweetwater Authority,32.6198096,-117.0933437,189970,2224582009,11710.17534,Oct,14,12%,-2.350108863,-1.469446393Sweetwater Authority,32.6198096,-117.0933437,189970,1886262989,9929.267719,Nov,14,12%,-2.350108863,-1.469446393Sweetwater Springs Water District,36.778261,-119.4179324,7703,93251122.75,12105.81887,Jun,14,16%,-2.515306782,-2.230197237Sweetwater Springs Water District,36.778261,-119.4179324,7702,60563890.57,7863.397893,Nov,14,16%,-2.515306782,-2.230197237Sweetwater Springs Water District,36.778261,-119.4179324,7727,75489004.13,9769.510047,Jun,15,16%,-2.515306782,-2.230197237Sweetwater Springs Water District,36.778261,-119.4179324,7711,61797371.03,8014.183767,Apr,15,16%,-2.515306782,-2.230197237Sweetwater Springs Water District,36.778261,-119.4179324,7743,80792970.11,10434.32392,Aug,15,16%,-2.515306782,-2.230197237Sweetwater Springs Water District,36.778261,-119.4179324,7703,64881072.18,8422.831647,Dec,14,16%,-2.515306782,-2.230197237Sweetwater Springs Water District,36.778261,-119.4179324,7735,80669622.06,10429.16898,Jul,15,16%,-2.515306782,-2.230197237Sweetwater Springs Water District,36.778261,-119.4179324,7703,97321608.27,12634.24747,Jul,14,16%,-2.515306782,-2.230197237Sweetwater Springs Water District,36.778261,-119.4179324,7719,68828209.65,8916.726215,May,15,16%,-2.515306782,-2.230197237Sweetwater Springs Water District,36.778261,-119.4179324,7702,77092528.73,10009.41687,Sep,14,16%,-2.515306782,-2.230197237Sweetwater Springs Water District,36.778261,-119.4179324,7703,66731292.87,8663.026466,Mar,15,16%,-2.515306782,-2.230197237Sweetwater Springs Water District,36.778261,-119.4179324,7703,55013228.5,7141.792614,Feb,15,16%,-2.515306782,-2.230197237Sweetwater Springs Water District,36.778261,-119.4179324,7703,61550674.94,7990.480974,Jan,15,16%,-2.515306782,-2.230197237Sweetwater Springs Water District,36.778261,-119.4179324,7702,71788562.75,9320.768989,Oct,14,16%,-2.515306782,-2.230197237Sweetwater Springs Water District,36.778261,-119.4179324,7703,90414117.7,11737.52015,Aug,14,16%,-2.515306782,-2.230197237Tahoe City Public Utilities District,36.778261,-119.4179324,10138,206897593.2,20408.12717,Jun,14,20%,-2.515306782,-2.230197237Tahoe City Public Utilities District,36.778261,-119.4179324,17588,259344612.6,14745.54313,Jul,14,20%,-2.515306782,-2.230197237Tahoe City Public Utilities District,36.778261,-119.4179324,17081,227091357.1,13294.96851,Aug,14,20%,-2.515306782,-2.230197237Tahoe City Public Utilities District,36.778261,-119.4179324,10686,195576624.3,18302.13591,Sep,14,20%,-2.515306782,-2.230197237Tahoe City Public Utilities District,36.778261,-119.4179324,4389,48226765.14,10988.09869,Nov,14,20%,-2.515306782,-2.230197237Tahoe City Public Utilities District,36.778261,-119.4179324,6992,120640385.8,17254.05976,Oct,14,20%,-2.515306782,-2.230197237Tahoe City Public Utilities District,36.778261,-119.4179324,5540,52331844.4,9446.1813,Apr,15,20%,-2.515306782,-2.230197237Tahoe City Public Utilities District,36.778261,-119.4179324,14770,187080106.9,12666.22254,Jul,15,20%,-2.515306782,-2.230197237Tahoe City Public Utilities District,36.778261,-119.4179324,9354,133701346.1,14293.49434,Jun,15,20%,-2.515306782,-2.230197237Tahoe City Public Utilities District,36.778261,-119.4179324,7215,92038493.86,12756.54801,May,15,20%,-2.515306782,-2.230197237Tahoe City Public Utilities District,36.778261,-119.4179324,6680,44124214.53,6605.421336,Feb,15,20%,-2.515306782,-2.230197237Tahoe City Public Utilities District,36.778261,-119.4179324,12828,183218849.8,14282.72917,Aug,15,20%,-2.515306782,-2.230197237Tahoe City Public Utilities District,36.778261,-119.4179324,5346,43549520.77,8146.187947,Mar,15,20%,-2.515306782,-2.230197237Tahoe City Public Utilities District,36.778261,-119.4179324,11360,74567838.38,6564.07028,Jan,15,20%,-2.515306782,-2.230197237Tahoe City Public Utilities District,36.778261,-119.4179324,4962,47768211.62,9626.80605,Dec,14,20%,-2.515306782,-2.230197237"Tehachapi, City of",35.1314495,-118.4465491,8839,240025429.6,27155.26978,Jul,15,28%,-2.447826342,-2.130079143"Tehachapi, City of",35.1314495,-118.4465491,8839,303967823.2,34389.39056,Aug,15,28%,-2.447826342,-2.130079143"Tehachapi, City of",35.1314495,-118.4465491,8923,370833565.4,41559.29232,Jul,14,28%,-2.447826342,-2.130079143"Tehachapi, City of",35.1314495,-118.4465491,8839,232894679.1,26348.53253,Jun,15,28%,-2.447826342,-2.130079143"Tehachapi, City of",35.1314495,-118.4465491,8839,190123744.1,21509.64409,Apr,15,28%,-2.447826342,-2.130079143"Tehachapi, City of",35.1314495,-118.4465491,8923,111457294.3,12491.01136,Jan,15,28%,-2.447826342,-2.130079143"Tehachapi, City of",35.1314495,-118.4465491,8923,152877568.2,17132.97861,Nov,14,28%,-2.447826342,-2.130079143"Tehachapi, City of",35.1314495,-118.4465491,8839,193401101.7,21880.42784,May,15,28%,-2.447826342,-2.130079143"Tehachapi, City of",35.1314495,-118.4465491,8923,296589143.1,33238.72499,Sep,14,28%,-2.447826342,-2.130079143"Tehachapi, City of",35.1314495,-118.4465491,8923,67878429.7,7607.130976,Dec,14,28%,-2.447826342,-2.130079143"Tehachapi, City of",35.1314495,-118.4465491,8923,248194770.7,27815.17098,Oct,14,28%,-2.447826342,-2.130079143"Tehachapi, City of",35.1314495,-118.4465491,8923,160919860.8,18034.2778,Mar,15,28%,-2.447826342,-2.130079143"Tehachapi, City of",35.1314495,-118.4465491,8923,326033555.1,36538.55823,Aug,14,28%,-2.447826342,-2.130079143"Tehachapi, City of",35.1314495,-118.4465491,8923,339564835.8,38055.00793,Jun,14,28%,-2.447826342,-2.130079143"Tehachapi, City of",35.1314495,-118.4465491,8923,116653947.5,13073.39992,Feb,15,28%,-2.447826342,-2.130079143Thousand Oaks  City of,34.2024698,-118.8741429,51609,1045991430,20267.61669,Jul,15,28%,-2.469556078,-1.891639726Thousand Oaks  City of,34.2024698,-118.8741429,51609,1329691936,25764.72971,Oct,14,28%,-2.469556078,-1.891639726Thousand Oaks  City of,34.2024698,-118.8741429,51609,1001462785,19404.80895,Mar,15,28%,-2.469556078,-1.891639726Thousand Oaks  City of,34.2024698,-118.8741429,51609,1135418763,22000.40232,Aug,15,28%,-2.469556078,-1.891639726Thousand Oaks  City of,34.2024698,-118.8741429,51609,1079295402,20912.92996,Apr,15,28%,-2.469556078,-1.891639726Thousand Oaks  City of,34.2024698,-118.8741429,51609,1478943071,28656.68917,Aug,14,28%,-2.469556078,-1.891639726Thousand Oaks  City of,34.2024698,-118.8741429,51609,797568465.2,15454.05773,Feb,15,28%,-2.469556078,-1.891639726Thousand Oaks  City of,34.2024698,-118.8741429,51609,1049321827,20332.14802,May,15,28%,-2.469556078,-1.891639726Thousand Oaks  City of,34.2024698,-118.8741429,51609,868370243.6,16825.94593,Jan,15,28%,-2.469556078,-1.891639726Thousand Oaks  City of,34.2024698,-118.8741429,51609,632775475.8,12260.95208,Dec,14,28%,-2.469556078,-1.891639726Thousand Oaks  City of,34.2024698,-118.8741429,51609,1524581848,29541.00735,Jul,14,28%,-2.469556078,-1.891639726Thousand Oaks  City of,34.2024698,-118.8741429,51609,1063383504,20604.61362,Jun,15,28%,-2.469556078,-1.891639726Thousand Oaks  City of,34.2024698,-118.8741429,51609,1066960598,20673.92504,Nov,14,28%,-2.469556078,-1.891639726Thousand Oaks  City of,34.2024698,-118.8741429,51609,1478943071,28656.68917,Jun,14,28%,-2.469556078,-1.891639726Thousand Oaks  City of,34.2024698,-118.8741429,51609,1393709571,27005.16521,Sep,14,28%,-2.469556078,-1.891639726Trabuco Canyon Water District,36.778261,-119.4179324,13175,215859080.4,16383.99093,Feb,15,28%,-2.515306782,-2.230197237Trabuco Canyon Water District,36.778261,-119.4179324,13175,267665259.8,20316.14875,Jun,15,28%,-2.515306782,-2.230197237Trabuco Canyon Water District,36.778261,-119.4179324,13175,374978059.7,28461.33281,Jun,14,28%,-2.515306782,-2.230197237Trabuco Canyon Water District,36.778261,-119.4179324,13175,263964818.4,20035.28033,Mar,15,28%,-2.515306782,-2.230197237Trabuco Canyon Water District,36.778261,-119.4179324,13175,261497857.5,19848.03472,Jul,15,28%,-2.515306782,-2.230197237Trabuco Canyon Water District,36.778261,-119.4179324,13175,293568349.4,22282.22766,Aug,15,28%,-2.515306782,-2.230197237Trabuco Canyon Water District,36.778261,-119.4179324,13175,368810657.5,27993.21878,Oct,14,28%,-2.515306782,-2.230197237Trabuco Canyon Water District,36.778261,-119.4179324,13175,212158639.1,16103.12251,Jan,15,28%,-2.515306782,-2.230197237Trabuco Canyon Water District,36.778261,-119.4179324,13175,308370114.9,23405.70132,Apr,15,28%,-2.515306782,-2.230197237Trabuco Canyon Water District,36.778261,-119.4179324,13175,256563935.6,19473.5435,May,15,28%,-2.515306782,-2.230197237Trabuco Canyon Water District,36.778261,-119.4179324,13175,458854731,34827.68357,Jul,14,28%,-2.515306782,-2.230197237Trabuco Canyon Water District,36.778261,-119.4179324,13175,365110216.1,27712.35037,Sep,14,28%,-2.515306782,-2.230197237Trabuco Canyon Water District,36.778261,-119.4179324,13175,405815071.2,30801.90294,Aug,14,28%,-2.515306782,-2.230197237Trabuco Canyon Water District,36.778261,-119.4179324,13175,284933986.2,21626.86802,Nov,14,28%,-2.515306782,-2.230197237Trabuco Canyon Water District,36.778261,-119.4179324,13175,170220303.4,12919.94713,Dec,14,28%,-2.515306782,-2.230197237Tracy  City of,37.760587,-121.366376,85146,1688291842,19828.19911,Sep,14,28%,-2.08130285,-1.006806409Tracy  City of,37.760587,-121.366376,85146,1866255936,21918.30427,Jul,15,28%,-2.08130285,-1.006806409Tracy  City of,37.760587,-121.366376,85146,1873776466,22006.62939,Aug,15,28%,-2.08130285,-1.006806409Tracy  City of,37.760587,-121.366376,85146,920181517.2,10807.10212,Jan,15,28%,-2.08130285,-1.006806409Tracy  City of,37.760587,-121.366376,85146,1667665582,19585.95332,May,15,28%,-2.08130285,-1.006806409Tracy  City of,37.760587,-121.366376,85146,1477709591,17355.00893,Apr,15,28%,-2.08130285,-1.006806409Tracy  City of,37.760587,-121.366376,85146,1628194207,19122.38046,Oct,14,28%,-2.08130285,-1.006806409Tracy  City of,37.760587,-121.366376,85146,1117748909,13127.43886,Mar,15,28%,-2.08130285,-1.006806409Tracy  City of,37.760587,-121.366376,82484,1589956313,19275.93609,Aug,14,28%,-2.08130285,-1.006806409Tracy  City of,37.760587,-121.366376,85146,1196188768,14048.67837,Nov,14,28%,-2.08130285,-1.006806409Tracy  City of,37.760587,-121.366376,85146,2343612873,27524.63854,Jun,14,28%,-2.08130285,-1.006806409Tracy  City of,37.760587,-121.366376,85146,761057443.6,8938.264201,Feb,15,28%,-2.08130285,-1.006806409Tracy  City of,37.760587,-121.366376,85146,2138855117,25119.85433,Jul,14,28%,-2.08130285,-1.006806409Tracy  City of,37.760587,-121.366376,85146,973744838.8,11436.17831,Dec,14,28%,-2.08130285,-1.006806409Tracy  City of,37.760587,-121.366376,85146,1711003917,20094.94183,Jun,15,28%,-2.08130285,-1.006806409Triunfo Sanitation District / Oak Park Water Service,36.778261,-119.4179324,12200,214748948,17602.37279,Mar,15,32%,-2.515306782,-2.230197237Triunfo Sanitation District / Oak Park Water Service,36.778261,-119.4179324,12200,220916350.3,18107.89757,Aug,15,32%,-2.515306782,-2.230197237Triunfo Sanitation District / Oak Park Water Service,36.778261,-119.4179324,12200,209691678.1,17187.84247,May,15,32%,-2.515306782,-2.230197237Triunfo Sanitation District / Oak Park Water Service,36.778261,-119.4179324,12200,150484616.1,12334.8046,Dec,14,32%,-2.515306782,-2.230197237Triunfo Sanitation District / Oak Park Water Service,36.778261,-119.4179324,12200,218326041.4,17895.57716,Jun,15,32%,-2.515306782,-2.230197237Triunfo Sanitation District / Oak Park Water Service,36.778261,-119.4179324,12200,231894326.4,19007.73167,Apr,15,32%,-2.515306782,-2.230197237Triunfo Sanitation District / Oak Park Water Service,36.778261,-119.4179324,12200,325885537.5,26711.9293,Jun,14,32%,-2.515306782,-2.230197237Triunfo Sanitation District / Oak Park Water Service,36.778261,-119.4179324,12200,331929591.7,27207.34358,Jul,14,32%,-2.515306782,-2.230197237Triunfo Sanitation District / Oak Park Water Service,36.778261,-119.4179324,12200,265691691,21778.00746,Oct,14,32%,-2.515306782,-2.230197237Triunfo Sanitation District / Oak Park Water Service,36.778261,-119.4179324,12200,214748948,17602.37279,Jul,15,32%,-2.515306782,-2.230197237Triunfo Sanitation District / Oak Park Water Service,36.778261,-119.4179324,12200,217585953.1,17834.91419,Nov,14,32%,-2.515306782,-2.230197237Triunfo Sanitation District / Oak Park Water Service,36.778261,-119.4179324,12200,174537485,14306.35123,Feb,15,32%,-2.515306782,-2.230197237Triunfo Sanitation District / Oak Park Water Service,36.778261,-119.4179324,12200,286414162.7,23476.57072,Sep,14,32%,-2.515306782,-2.230197237Triunfo Sanitation District / Oak Park Water Service,36.778261,-119.4179324,12200,315770997.7,25882.86866,Aug,14,32%,-2.515306782,-2.230197237Triunfo Sanitation District / Oak Park Water Service,36.778261,-119.4179324,12200,195136608.7,15994.80399,Jan,15,32%,-2.515306782,-2.230197237Truckee-Donner Public Utilities District,36.778261,-119.4179324,32776,491479036.4,14995.08898,Jun,15,28%,-2.515306782,-2.230197237Truckee-Donner Public Utilities District,36.778261,-119.4179324,32776,342753963.3,10457.46776,May,15,28%,-2.515306782,-2.230197237Truckee-Donner Public Utilities District,36.778261,-119.4179324,32776,275969065.6,8419.851892,Apr,15,28%,-2.515306782,-2.230197237Truckee-Donner Public Utilities District,36.778261,-119.4179324,32776,395733461.5,12073.8791,Oct,14,28%,-2.515306782,-2.230197237Truckee-Donner Public Utilities District,36.778261,-119.4179324,32776,561523060.7,17132.14122,Jul,15,28%,-2.515306782,-2.230197237Truckee-Donner Public Utilities District,36.778261,-119.4179324,32776,677780154.6,20679.1602,Aug,14,28%,-2.515306782,-2.230197237Truckee-Donner Public Utilities District,36.778261,-119.4179324,32776,297999030.9,9091.988984,Jan,15,28%,-2.515306782,-2.230197237Truckee-Donner Public Utilities District,36.778261,-119.4179324,32776,581293388.4,17735.33648,Aug,15,28%,-2.515306782,-2.230197237Truckee-Donner Public Utilities District,36.778261,-119.4179324,32776,272329770,8308.816512,Mar,15,28%,-2.515306782,-2.230197237Truckee-Donner Public Utilities District,36.778261,-119.4179324,32776,250499295.9,7642.765924,Feb,15,28%,-2.515306782,-2.230197237Truckee-Donner Public Utilities District,36.778261,-119.4179324,32776,288582438.7,8804.687537,Dec,14,28%,-2.515306782,-2.230197237Truckee-Donner Public Utilities District,36.778261,-119.4179324,32776,265153763.5,8089.875624,Nov,14,28%,-2.515306782,-2.230197237Truckee-Donner Public Utilities District,36.778261,-119.4179324,32776,821452129.7,25062.61074,Jul,14,28%,-2.515306782,-2.230197237Truckee-Donner Public Utilities District,36.778261,-119.4179324,32776,572638069.1,17471.26157,Sep,14,28%,-2.515306782,-2.230197237Truckee-Donner Public Utilities District,36.778261,-119.4179324,32776,761711509.9,23239.91671,Jun,14,28%,-2.515306782,-2.230197237"Tulare, City of",36.2153587,-119.2423946,62363,2045636934,32802.09312,Aug,15,32%,-2.523014834,-2.131197127"Tulare, City of",36.2153587,-119.2423946,59535,2385126357,40062.59103,Aug,14,32%,-2.523014834,-2.131197127"Tulare, City of",36.2153587,-119.2423946,59535,2584906803,43418.27166,Jul,14,32%,-2.523014834,-2.131197127"Tulare, City of",36.2153587,-119.2423946,59535,1356691852,22788.13895,Nov,14,32%,-2.523014834,-2.131197127"Tulare, City of",36.2153587,-119.2423946,59535,1117453780,18769.6948,Feb,15,32%,-2.523014834,-2.131197127"Tulare, City of",36.2153587,-119.2423946,60289,2506208834,41569.91879,Jun,14,32%,-2.523014834,-2.131197127"Tulare, City of",36.2153587,-119.2423946,59535,1256378420,21103.19006,Dec,14,32%,-2.523014834,-2.131197127"Tulare, City of",36.2153587,-119.2423946,59535,1246536348,20937.87432,Jan,15,32%,-2.523014834,-2.131197127"Tulare, City of",36.2153587,-119.2423946,61170,1316945021,21529.26305,Mar,15,32%,-2.523014834,-2.131197127"Tulare, City of",36.2153587,-119.2423946,62363,2000590524,32079.76724,Jul,15,32%,-2.523014834,-2.131197127"Tulare, City of",36.2153587,-119.2423946,59535,1943809336,32649.85868,Oct,14,32%,-2.523014834,-2.131197127"Tulare, City of",36.2153587,-119.2423946,60000,1972199930,32869.99884,Sep,14,32%,-2.523014834,-2.131197127"Tulare, City of",36.2153587,-119.2423946,62363,1572460367,25214.63635,Apr,15,32%,-2.523014834,-2.131197127"Tulare, City of",36.2153587,-119.2423946,62363,1865451297,29912.78958,Jun,15,32%,-2.523014834,-2.131197127"Tulare, City of",36.2153587,-119.2423946,62363,1771951607,28413.50813,May,15,32%,-2.523014834,-2.131197127Tuolumne Utilities District,36.778261,-119.4179324,28997,355242372.4,12251.00432,May,15,24%,-2.515306782,-2.230197237Tuolumne Utilities District,36.778261,-119.4179324,28997,282467025.3,9741.249966,Feb,15,24%,-2.515306782,-2.230197237Tuolumne Utilities District,36.778261,-119.4179324,28997,450837108,15547.71556,Oct,14,24%,-2.515306782,-2.230197237Tuolumne Utilities District,36.778261,-119.4179324,28997,304669673.5,10506.93774,Jan,15,24%,-2.515306782,-2.230197237Tuolumne Utilities District,36.778261,-119.4179324,28997,328105802.3,11315.16372,Mar,15,24%,-2.515306782,-2.230197237Tuolumne Utilities District,36.778261,-119.4179324,28997,350308450.6,12080.85149,Apr,15,24%,-2.515306782,-2.230197237Tuolumne Utilities District,36.778261,-119.4179324,28997,473656496.5,16334.67243,Jun,14,24%,-2.515306782,-2.230197237Tuolumne Utilities District,36.778261,-119.4179324,28997,532863558.6,18376.50649,Aug,15,24%,-2.515306782,-2.230197237Tuolumne Utilities District,36.778261,-119.4179324,28997,329709326.9,11370.46339,Nov,14,24%,-2.515306782,-2.230197237Tuolumne Utilities District,36.778261,-119.4179324,28997,446519926.4,15398.83182,Jun,15,24%,-2.515306782,-2.230197237Tuolumne Utilities District,36.778261,-119.4179324,28997,509427429.9,17568.28051,Sep,14,24%,-2.515306782,-2.230197237Tuolumne Utilities District,36.778261,-119.4179324,28997,516828312.6,17823.50976,Jul,15,24%,-2.515306782,-2.230197237Tuolumne Utilities District,36.778261,-119.4179324,28997,314537517.2,10847.24341,Dec,14,24%,-2.515306782,-2.230197237Tuolumne Utilities District,36.778261,-119.4179324,28997,547665324.1,18886.965,Aug,14,24%,-2.515306782,-2.230197237Tuolumne Utilities District,36.778261,-119.4179324,28997,542731402.3,18716.81216,Jul,14,24%,-2.515306782,-2.230197237Turlock  City of,37.4841659,-120.846152,71181,2282225217,32062.2809,Jul,15,32%,-2.117577287,-1.41041959Turlock  City of,37.4841659,-120.846152,71181,3013188377,42331.35777,Jul,14,32%,-2.117577287,-1.41041959Turlock  City of,37.4841659,-120.846152,71181,1790500129,25154.18621,Mar,15,32%,-2.117577287,-1.41041959Turlock  City of,37.4841659,-120.846152,71181,2256900807,31706.50605,Aug,15,32%,-2.117577287,-1.41041959Turlock  City of,37.4841659,-120.846152,71181,1115939615,15677.4928,Feb,15,32%,-2.117577287,-1.41041959Turlock  City of,37.4841659,-120.846152,71181,1129188559,15863.62314,Jan,15,32%,-2.117577287,-1.41041959Turlock  City of,37.4841659,-120.846152,71181,1802916282,25328.61693,May,15,32%,-2.117577287,-1.41041959Turlock  City of,37.4841659,-120.846152,71181,1884264797,26471.45723,Apr,15,32%,-2.117577287,-1.41041959Turlock  City of,37.4841659,-120.846152,71181,2681586239,37672.78121,Sep,14,32%,-2.117577287,-1.41041959Turlock  City of,37.4841659,-120.846152,71181,2287439244,32135.53117,Jun,15,32%,-2.117577287,-1.41041959Turlock  City of,37.4841659,-120.846152,71181,2994261315,42065.45728,Jun,14,32%,-2.117577287,-1.41041959Turlock  City of,37.4841659,-120.846152,71181,1139409173,16007.20941,Dec,14,32%,-2.117577287,-1.41041959Turlock  City of,37.4841659,-120.846152,71181,1563375377,21963.38035,Nov,14,32%,-2.117577287,-1.41041959Turlock  City of,37.4841659,-120.846152,70132,2277304181,32471.68455,Oct,14,32%,-2.117577287,-1.41041959Turlock  City of,37.4841659,-120.846152,71181,2668562304,37489.81195,Aug,14,32%,-2.117577287,-1.41041959Tustin  City of,33.7734466,-117.86543,67700,1148617004,16966.27776,Aug,15,28%,-2.485147937,-1.846280283Tustin  City of,33.7734466,-117.86543,67700,1110132414,16397.82,Nov,14,28%,-2.485147937,-1.846280283Tustin  City of,33.7734466,-117.86543,67700,1039577331,15355.64744,Jul,15,28%,-2.485147937,-1.846280283Tustin  City of,33.7734466,-117.86543,67700,1000846045,14783.54572,May,15,28%,-2.485147937,-1.846280283Tustin  City of,33.7734466,-117.86543,67700,1110132414,16397.82,Apr,15,28%,-2.485147937,-1.846280283Tustin  City of,33.7734466,-117.86543,67700,1100141222,16250.23962,Mar,15,28%,-2.485147937,-1.846280283Tustin  City of,33.7734466,-117.86543,67700,1070167647,15807.49848,Jun,15,28%,-2.485147937,-1.846280283Tustin  City of,33.7734466,-117.86543,67700,893039852.8,13191.1352,Feb,15,28%,-2.485147937,-1.846280283Tustin  City of,33.7734466,-117.86543,67700,1399630278,20674.00705,Sep,14,28%,-2.485147937,-1.846280283Tustin  City of,33.7734466,-117.86543,67700,1474749238,21783.59287,Aug,14,28%,-2.485147937,-1.846280283Tustin  City of,33.7734466,-117.86543,67700,1491894616,22036.84809,Jun,14,28%,-2.485147937,-1.846280283Tustin  City of,33.7734466,-117.86543,67700,768458326.4,11350.9354,Dec,14,28%,-2.485147937,-1.846280283Tustin  City of,33.7734466,-117.86543,67700,910555275.4,13449.85636,Jan,15,28%,-2.485147937,-1.846280283Tustin  City of,33.7734466,-117.86543,67700,1589216224,23474.39031,Jul,14,28%,-2.485147937,-1.846280283Tustin  City of,33.7734466,-117.86543,67700,1316123651,19440.5266,Oct,14,28%,-2.485147937,-1.846280283Twentynine Palms Water District,36.778261,-119.4179324,18795,226587893.5,12055.75384,Mar,15,28%,-2.515306782,-2.230197237Twentynine Palms Water District,36.778261,-119.4179324,18795,344802193.8,18345.42132,Jun,14,28%,-2.515306782,-2.230197237Twentynine Palms Water District,36.778261,-119.4179324,18795,309524652.6,16468.45718,Aug,15,28%,-2.515306782,-2.230197237Twentynine Palms Water District,36.778261,-119.4179324,18795,216459785.4,11516.88137,Jan,15,28%,-2.515306782,-2.230197237Twentynine Palms Water District,36.778261,-119.4179324,18795,252119705.5,13414.19024,Apr,15,28%,-2.515306782,-2.230197237Twentynine Palms Water District,36.778261,-119.4179324,18795,261801293.6,13929.30533,May,15,28%,-2.515306782,-2.230197237Twentynine Palms Water District,36.778261,-119.4179324,18795,279304381.4,14860.56831,Oct,14,28%,-2.515306782,-2.230197237Twentynine Palms Water District,36.778261,-119.4179324,18795,308865974.1,16433.41176,Sep,14,28%,-2.515306782,-2.230197237Twentynine Palms Water District,36.778261,-119.4179324,18795,190571497.5,10139.47845,Dec,14,28%,-2.515306782,-2.230197237Twentynine Palms Water District,36.778261,-119.4179324,18795,219893795,11699.59005,Nov,14,28%,-2.515306782,-2.230197237Twentynine Palms Water District,36.778261,-119.4179324,18795,307370995.8,16353.87048,Jul,15,28%,-2.515306782,-2.230197237Twentynine Palms Water District,36.778261,-119.4179324,18795,334349680.4,17789.28866,Aug,14,28%,-2.515306782,-2.230197237Twentynine Palms Water District,36.778261,-119.4179324,18795,362109158.1,19266.24943,Jul,14,28%,-2.515306782,-2.230197237Twentynine Palms Water District,36.778261,-119.4179324,18795,307696634.6,16371.19631,Jun,15,28%,-2.515306782,-2.230197237Twentynine Palms Water District,36.778261,-119.4179324,18795,172180303.9,9160.963229,Feb,15,28%,-2.515306782,-2.230197237Ukiah  City of,39.159548,-123.2142803,16075,342958375.6,21334.89117,Jun,15,20%,-1.750697786,-1.310340102Ukiah  City of,39.159548,-123.2142803,16075,285079418,17734.33393,May,15,20%,-1.750697786,-1.310340102Ukiah  City of,39.159548,-123.2142803,16075,225841497.2,14049.23777,Mar,15,20%,-1.750697786,-1.310340102Ukiah  City of,39.159548,-123.2142803,16075,153157791.1,9527.700848,Feb,15,20%,-1.750697786,-1.310340102Ukiah  City of,39.159548,-123.2142803,16075,176968036,11008.89804,Jan,15,20%,-1.750697786,-1.310340102Ukiah  City of,39.159548,-123.2142803,16075,180435473.9,11224.6018,Nov,14,20%,-1.750697786,-1.310340102Ukiah  City of,39.159548,-123.2142803,16075,261431945.9,16263.26257,Oct,14,20%,-1.750697786,-1.310340102Ukiah  City of,39.159548,-123.2142803,16075,408824553.7,25432.3206,Jun,14,20%,-1.750697786,-1.310340102Ukiah  City of,39.159548,-123.2142803,16075,173307542.1,10781.18458,Dec,14,20%,-1.750697786,-1.310340102Ukiah  City of,39.159548,-123.2142803,16075,368055660.7,22896.15308,Aug,15,20%,-1.750697786,-1.310340102Ukiah  City of,39.159548,-123.2142803,16075,371159699,23089.25033,Jul,15,20%,-1.750697786,-1.310340102Ukiah  City of,39.159548,-123.2142803,16075,405039141.2,25196.83615,Aug,14,20%,-1.750697786,-1.310340102Ukiah  City of,39.159548,-123.2142803,16075,236035613.2,14683.3974,Apr,15,20%,-1.750697786,-1.310340102Ukiah  City of,39.159548,-123.2142803,16075,329330890.5,20487.14715,Sep,14,20%,-1.750697786,-1.310340102Upland  City of,37.7299848,-122.4647435,75670,1970073301,26035.0641,Jul,15,36%,-1.910868881,-1.368027807Upland  City of,37.7299848,-122.4647435,75147,2859109747,38046.89138,Jul,14,36%,-1.910868881,-1.368027807Upland  City of,37.7299848,-122.4647435,75147,2610830671,34742.97937,Jun,14,36%,-1.910868881,-1.368027807Upland  City of,37.7299848,-122.4647435,75670,1431753524,18921.01922,Feb,15,36%,-1.910868881,-1.368027807Upland  City of,37.7299848,-122.4647435,75670,1633907651,21592.54197,May,15,36%,-1.910868881,-1.368027807Upland  City of,37.7299848,-122.4647435,75670,1861213891,24596.45686,Apr,15,36%,-1.910868881,-1.368027807Upland  City of,37.7299848,-122.4647435,75670,1753419121,23171.91913,Mar,15,36%,-1.910868881,-1.368027807Upland  City of,37.7299848,-122.4647435,75147,2798677286,37242.70145,Aug,14,36%,-1.910868881,-1.368027807Upland  City of,37.7299848,-122.4647435,75670,1231802295,16278.60837,Jan,15,36%,-1.910868881,-1.368027807Upland  City of,37.7299848,-122.4647435,75147,1152752797,15339.97096,Dec,14,36%,-1.910868881,-1.368027807Upland  City of,37.7299848,-122.4647435,75670,2010747634,26572.58668,Jun,15,36%,-1.910868881,-1.368027807Upland  City of,37.7299848,-122.4647435,75147,2680799585,35674.07328,Sep,14,36%,-1.910868881,-1.368027807Upland  City of,37.7299848,-122.4647435,75147,2434318505,32394.08765,Oct,14,36%,-1.910868881,-1.368027807Upland  City of,37.7299848,-122.4647435,75670,2096295398,27703.12407,Aug,15,36%,-1.910868881,-1.368027807Upland  City of,37.7299848,-122.4647435,75147,1817362627,24184.10086,Nov,14,36%,-1.910868881,-1.368027807Vacaville  City of,38.3333033,-121.980229,86893,1714537839,19731.59908,Aug,15,32%,-2.103704654,-1.470288746Vacaville  City of,38.3333033,-121.980229,86893,2267137085,26091.13605,Aug,14,32%,-2.103704654,-1.470288746Vacaville  City of,38.3333033,-121.980229,86893,1737973968,20001.31159,Jul,15,32%,-2.103704654,-1.470288746Vacaville  City of,38.3333033,-121.980229,86893,1665198621,19163.78328,Jun,15,32%,-2.103704654,-1.470288746Vacaville  City of,38.3333033,-121.980229,86893,1161938593,13372.06211,Nov,14,32%,-2.103704654,-1.470288746Vacaville  City of,38.3333033,-121.980229,86893,2376916846,27354.52621,Jun,14,32%,-2.103704654,-1.470288746Vacaville  City of,38.3333033,-121.980229,86893,2267137085,26091.13605,Jul,14,32%,-2.103704654,-1.470288746Vacaville  City of,38.3333033,-121.980229,86893,1968634814,22655.85046,Sep,14,32%,-2.103704654,-1.470288746Vacaville  City of,38.3333033,-121.980229,86893,938678629.8,10802.69561,Dec,14,32%,-2.103704654,-1.470288746Vacaville  City of,38.3333033,-121.980229,86893,1567753664,18042.34707,May,15,32%,-2.103704654,-1.470288746Vacaville  City of,38.3333033,-121.980229,86893,1767577499,20342.00107,Oct,14,32%,-2.103704654,-1.470288746Vacaville  City of,38.3333033,-121.980229,86893,912775540.2,10504.59232,Feb,15,32%,-2.103704654,-1.470288746Vacaville  City of,38.3333033,-121.980229,86893,984317406.8,11327.92523,Jan,15,32%,-2.103704654,-1.470288746Vacaville  City of,38.3333033,-121.980229,86893,1362995908,15685.9115,Apr,15,32%,-2.103704654,-1.470288746Valencia Water Company,36.778261,-119.4179324,117251,4039179783,34449.00072,Jun,14,24%,-2.515306782,-2.230197237Valencia Water Company,36.778261,-119.4179324,117251,3899858165,33260.76677,Aug,14,24%,-2.515306782,-2.230197237Valencia Water Company,36.778261,-119.4179324,117251,3487530317,29744.14135,Sep,14,24%,-2.515306782,-2.230197237Valencia Water Company,36.778261,-119.4179324,117251,3046092330,25979.24393,Oct,14,24%,-2.515306782,-2.230197237Valencia Water Company,36.778261,-119.4179324,118224,2710240270,22924.61996,Apr,15,24%,-2.515306782,-2.230197237Valencia Water Company,36.778261,-119.4179324,117251,4198002727,35803.55585,Jul,14,24%,-2.515306782,-2.230197237Valencia Water Company,36.778261,-119.4179324,118224,1695048848,14337.6036,Jan,15,24%,-2.515306782,-2.230197237Valencia Water Company,36.778261,-119.4179324,117251,2318634894,19774.96903,Nov,14,24%,-2.515306782,-2.230197237Valencia Water Company,36.778261,-119.4179324,117251,1271619676,10845.27787,Dec,14,24%,-2.515306782,-2.230197237Valencia Water Company,36.778261,-119.4179324,118224,2929997149,24783.43779,Aug,15,24%,-2.515306782,-2.230197237Valencia Water Company,36.778261,-119.4179324,118224,2757075524,23320.77686,Jul,15,24%,-2.515306782,-2.230197237Valencia Water Company,36.778261,-119.4179324,118224,2815295801,23813.23421,Jun,15,24%,-2.515306782,-2.230197237Valencia Water Company,36.778261,-119.4179324,118224,2533482521,21429.5111,May,15,24%,-2.515306782,-2.230197237Valencia Water Company,36.778261,-119.4179324,118224,1712502596,14485.23647,Feb,15,24%,-2.515306782,-2.230197237Valencia Water Company,36.778261,-119.4179324,118224,2179535303,18435.64169,Mar,15,24%,-2.515306782,-2.230197237Vallecitos Water District,36.778261,-119.4179324,94283,1252846103,13288.14424,May,15,24%,-2.515306782,-2.230197237Vallecitos Water District,36.778261,-119.4179324,93897,890449543.9,9483.258718,Dec,14,24%,-2.515306782,-2.230197237Vallecitos Water District,36.778261,-119.4179324,94283,1304528934,13836.31126,Feb,15,24%,-2.515306782,-2.230197237Vallecitos Water District,36.778261,-119.4179324,94090,1082009059,11499.7243,Jan,15,24%,-2.515306782,-2.230197237Vallecitos Water District,36.778261,-119.4179324,95055,1512123696,15907.88171,Jun,15,24%,-2.515306782,-2.230197237Vallecitos Water District,36.778261,-119.4179324,94283,1674203028,17757.20997,Aug,15,24%,-2.515306782,-2.230197237Vallecitos Water District,36.778261,-119.4179324,94283,1422326318,15085.71342,Mar,15,24%,-2.515306782,-2.230197237Vallecitos Water District,36.778261,-119.4179324,93897,1448476104,15426.22346,Nov,14,24%,-2.515306782,-2.230197237Vallecitos Water District,36.778261,-119.4179324,93897,2262943251,24100.27212,Jul,14,24%,-2.515306782,-2.230197237Vallecitos Water District,36.778261,-119.4179324,95248,1436141299,15077.91554,Jul,15,24%,-2.515306782,-2.230197237Vallecitos Water District,36.778261,-119.4179324,94669,1582062038,16711.51103,Apr,15,24%,-2.515306782,-2.230197237Vallecitos Water District,36.778261,-119.4179324,93897,2093092992,22291.37238,Aug,14,24%,-2.515306782,-2.230197237Vallecitos Water District,36.778261,-119.4179324,91582,2179683320,23800.34636,Jun,14,24%,-2.515306782,-2.230197237Vallecitos Water District,36.778261,-119.4179324,93897,1993674467,21232.56831,Oct,14,24%,-2.515306782,-2.230197237Vallecitos Water District,36.778261,-119.4179324,93897,2027471832,21592.50915,Sep,14,24%,-2.515306782,-2.230197237Vallejo  City of,38.132035,-122.220784,124000,1793165059,14461.00854,Aug,15,16%,-1.708533821,-1.112101538Vallejo  City of,38.132035,-122.220784,124000,1755401784,14156.466,Jul,15,16%,-1.708533821,-1.112101538Vallejo  City of,38.132035,-122.220784,124000,1625785473,13111.17317,Jun,15,16%,-1.708533821,-1.112101538Vallejo  City of,38.132035,-122.220784,124000,1597958906,12886.76537,May,15,16%,-1.708533821,-1.112101538Vallejo  City of,38.132035,-122.220784,124000,1496668837,12069.90998,Apr,15,16%,-1.708533821,-1.112101538Vallejo  City of,38.132035,-122.220784,124000,1480334782,11938.18372,Mar,15,16%,-1.708533821,-1.112101538Vallejo  City of,38.132035,-122.220784,124000,1234714504,9957.375034,Feb,15,16%,-1.708533821,-1.112101538Vallejo  City of,38.132035,-122.220784,124000,1381565798,11141.65966,Jan,15,16%,-1.708533821,-1.112101538Vallejo  City of,38.132035,-122.220784,124000,1310630953,10569.60446,Dec,14,16%,-1.708533821,-1.112101538Vallejo  City of,38.132035,-122.220784,124000,1443726057,11642.95207,Nov,14,16%,-1.708533821,-1.112101538Vallejo  City of,38.132035,-122.220784,124000,1732412973,13971.07237,Oct,14,16%,-1.708533821,-1.112101538Vallejo  City of,38.132035,-122.220784,124000,1850445922,14922.95098,Sep,14,16%,-1.708533821,-1.112101538Vallejo  City of,38.132035,-122.220784,124000,1993992550,16080.58508,Aug,14,16%,-1.708533821,-1.112101538Vallejo  City of,38.132035,-122.220784,124000,2147040564,17314.84326,Jul,14,16%,-1.708533821,-1.112101538Vallejo  City of,38.132035,-122.220784,124000,2124248596,17131.03706,Jun,14,16%,-1.708533821,-1.112101538Valley Center Municipal Water District,36.778261,-119.4179324,25378,3676388510,144865.1789,Jun,14,36%,-2.515306782,-2.230197237Valley Center Municipal Water District,36.778261,-119.4179324,25455,2347683359,92228.77073,Jul,15,36%,-2.515306782,-2.230197237Valley Center Municipal Water District,36.778261,-119.4179324,25394,2779894912,109470.5408,Jun,15,36%,-2.515306782,-2.230197237Valley Center Municipal Water District,36.778261,-119.4179324,25342,1728352820,68201.12146,May,15,36%,-2.515306782,-2.230197237Valley Center Municipal Water District,36.778261,-119.4179324,25378,2731295782,107624.5481,Apr,15,36%,-2.515306782,-2.230197237Valley Center Municipal Water District,36.778261,-119.4179324,25378,2276634884,89708.99537,Mar,15,36%,-2.515306782,-2.230197237Valley Center Municipal Water District,36.778261,-119.4179324,25378,1901286781,74918.70047,Feb,15,36%,-2.515306782,-2.230197237Valley Center Municipal Water District,36.778261,-119.4179324,25378,1386555385,54636.1173,Jan,15,36%,-2.515306782,-2.230197237Valley Center Municipal Water District,36.778261,-119.4179324,25378,701850381.6,27655.85868,Dec,14,36%,-2.515306782,-2.230197237Valley Center Municipal Water District,36.778261,-119.4179324,25378,2472634930,97432.22198,Nov,14,36%,-2.515306782,-2.230197237Valley Center Municipal Water District,36.778261,-119.4179324,25378,4074802699,160564.3746,Sep,14,36%,-2.515306782,-2.230197237Valley Center Municipal Water District,36.778261,-119.4179324,25378,3855489873,151922.5263,Aug,14,36%,-2.515306782,-2.230197237Valley Center Municipal Water District,36.778261,-119.4179324,25378,4004987705,157813.37,Jul,14,36%,-2.515306782,-2.230197237Valley Center Municipal Water District,36.778261,-119.4179324,25458,3073216565,120717.1249,Aug,15,36%,-2.515306782,-2.230197237Valley Center Municipal Water District,36.778261,-119.4179324,25378,3660970004,144257.6249,Oct,14,36%,-2.515306782,-2.230197237Valley County Water District,36.778261,-119.4179324,70271,994314766,14149.71704,Jul,14,16%,-2.515306782,-2.230197237Valley County Water District,36.778261,-119.4179324,71003,765053920.3,10774.95205,Jul,15,16%,-2.515306782,-2.230197237Valley County Water District,36.778261,-119.4179324,71003,691439806.5,9738.177352,Apr,15,16%,-2.515306782,-2.230197237Valley County Water District,36.778261,-119.4179324,71003,794786966.8,11193.70966,Aug,15,16%,-2.515306782,-2.230197237Valley County Water District,36.778261,-119.4179324,71003,755506781.6,10640.49099,Jun,15,16%,-2.515306782,-2.230197237Valley County Water District,36.778261,-119.4179324,71003,663180769.2,9340.179558,May,15,16%,-2.515306782,-2.230197237Valley County Water District,36.778261,-119.4179324,70271,543543032.4,7734.955137,Dec,14,16%,-2.515306782,-2.230197237Valley County Water District,36.778261,-119.4179324,70271,686666237.1,9771.687284,Mar,15,16%,-2.515306782,-2.230197237Valley County Water District,36.778261,-119.4179324,69784,571945153.5,8195.935364,Feb,15,16%,-2.515306782,-2.230197237Valley County Water District,36.778261,-119.4179324,69784,563651230.9,8077.084014,Jan,15,16%,-2.515306782,-2.230197237Valley County Water District,36.778261,-119.4179324,70271,960733260.5,13671.83135,Jun,14,16%,-2.515306782,-2.230197237Valley County Water District,36.778261,-119.4179324,70271,898349986.2,12784.07858,Sep,14,16%,-2.515306782,-2.230197237Valley County Water District,36.778261,-119.4179324,70271,959487445.2,13654.10262,Aug,14,16%,-2.515306782,-2.230197237Valley County Water District,36.778261,-119.4179324,70271,843457638.8,12002.92637,Oct,14,16%,-2.515306782,-2.230197237Valley County Water District,36.778261,-119.4179324,70271,682336720.7,9710.075575,Nov,14,16%,-2.515306782,-2.230197237Valley of the Moon Water District,36.778261,-119.4179324,23478,339663514.2,14467.31043,Aug,14,20%,-2.515306782,-2.230197237Valley of the Moon Water District,36.778261,-119.4179324,23478,335506685,14290.25833,Jun,14,20%,-2.515306782,-2.230197237Valley of the Moon Water District,36.778261,-119.4179324,23478,189166563.3,8057.183887,Jan,15,20%,-2.515306782,-2.230197237Valley of the Moon Water District,36.778261,-119.4179324,23478,185885505.3,7917.433567,Dec,14,20%,-2.515306782,-2.230197237Valley of the Moon Water District,36.778261,-119.4179324,23478,167037923.9,7114.65729,Feb,15,20%,-2.515306782,-2.230197237Valley of the Moon Water District,36.778261,-119.4179324,23478,407665291.9,17363.71462,Jul,14,20%,-2.515306782,-2.230197237Valley of the Moon Water District,36.778261,-119.4179324,23478,235101375.6,10013.68837,May,15,20%,-2.515306782,-2.230197237Valley of the Moon Water District,36.778261,-119.4179324,23478,186243214.6,7932.669504,Nov,14,20%,-2.515306782,-2.230197237Valley of the Moon Water District,36.778261,-119.4179324,23478,298835311,12728.31208,Jun,15,20%,-2.515306782,-2.230197237Valley of the Moon Water District,36.778261,-119.4179324,23478,350629155.5,14934.37071,Sep,14,20%,-2.515306782,-2.230197237Valley of the Moon Water District,36.778261,-119.4179324,23478,225628245.7,9610.198726,Apr,15,20%,-2.515306782,-2.230197237Valley of the Moon Water District,36.778261,-119.4179324,23478,285489052.4,12159.85401,Oct,14,20%,-2.515306782,-2.230197237Valley of the Moon Water District,36.778261,-119.4179324,23478,280912839.9,11964.93909,Aug,15,20%,-2.515306782,-2.230197237Valley of the Moon Water District,36.778261,-119.4179324,23478,246572743.9,10502.28912,Mar,15,20%,-2.515306782,-2.230197237Valley of the Moon Water District,36.778261,-119.4179324,23478,299563064.4,12759.30933,Jul,15,20%,-2.515306782,-2.230197237Valley Water Company,36.778261,-119.4179324,9900,474396584.8,47918.84695,Sep,14,36%,-2.515306782,-2.230197237Valley Water Company,36.778261,-119.4179324,9900,317004478.1,32020.65436,Apr,15,36%,-2.515306782,-2.230197237Valley Water Company,36.778261,-119.4179324,9900,390396565.5,39433.99651,Aug,15,36%,-2.515306782,-2.230197237Valley Water Company,36.778261,-119.4179324,9900,348581577.9,35210.2604,Jul,15,36%,-2.515306782,-2.230197237Valley Water Company,36.778261,-119.4179324,9900,295541918.1,29852.719,May,15,36%,-2.515306782,-2.230197237Valley Water Company,36.778261,-119.4179324,9900,340933999.1,34437.77768,Nov,14,36%,-2.515306782,-2.230197237Valley Water Company,36.778261,-119.4179324,9900,437638867.1,44205.94617,Oct,14,36%,-2.515306782,-2.230197237Valley Water Company,36.778261,-119.4179324,9900,299119011.5,30214.04156,Mar,15,36%,-2.515306782,-2.230197237Valley Water Company,36.778261,-119.4179324,9900,495242404.6,50024.48531,Aug,14,36%,-2.515306782,-2.230197237Valley Water Company,36.778261,-119.4179324,9900,500299674.5,50535.32065,Jul,14,36%,-2.515306782,-2.230197237Valley Water Company,36.778261,-119.4179324,9900,484511124.6,48940.51763,Jun,14,36%,-2.515306782,-2.230197237Valley Water Company,36.778261,-119.4179324,9900,257304023.9,25990.30544,Feb,15,36%,-2.515306782,-2.230197237Valley Water Company,36.778261,-119.4179324,9900,336000077.2,33939.40174,Jun,15,36%,-2.515306782,-2.230197237Valley Water Company,36.778261,-119.4179324,9900,236334856.1,23872.20768,Jan,15,36%,-2.515306782,-2.230197237Valley Water Company,36.778261,-119.4179324,9900,175894313.6,17767.10238,Dec,14,36%,-2.515306782,-2.230197237Vaughn Water Company,36.778261,-119.4179324,30422,812559786.8,26709.61103,Mar,15,36%,-2.515306782,-2.230197237Vaughn Water Company,36.778261,-119.4179324,27421,529862839.4,19323.25004,Feb,15,36%,-2.515306782,-2.230197237Vaughn Water Company,36.778261,-119.4179324,30305,493002331.8,16268.01953,Jan,15,36%,-2.515306782,-2.230197237Vaughn Water Company,36.778261,-119.4179324,30455,1115802833,36637.75515,Apr,15,36%,-2.515306782,-2.230197237Vaughn Water Company,36.778261,-119.4179324,30067,1854045402,61663.79759,Aug,14,36%,-2.515306782,-2.230197237Vaughn Water Company,36.778261,-119.4179324,30187,885904164.7,29347.20789,Nov,14,36%,-2.515306782,-2.230197237Vaughn Water Company,36.778261,-119.4179324,30109,1654930470,54964.64411,Sep,14,36%,-2.515306782,-2.230197237Vaughn Water Company,36.778261,-119.4179324,30642,1190210015,38842.43896,May,15,36%,-2.515306782,-2.230197237Vaughn Water Company,36.778261,-119.4179324,29766,1930944230,64870.79989,Jun,14,36%,-2.515306782,-2.230197237Vaughn Water Company,36.778261,-119.4179324,30768,1472363282,47853.72082,Jul,15,36%,-2.515306782,-2.230197237Vaughn Water Company,36.778261,-119.4179324,30723,1281998391,41727.6435,Jun,15,36%,-2.515306782,-2.230197237Vaughn Water Company,36.778261,-119.4179324,29892,2012883939,67338.55009,Jul,14,36%,-2.515306782,-2.230197237Vaughn Water Company,36.778261,-119.4179324,30232,577760811.1,19110.90272,Dec,14,36%,-2.515306782,-2.230197237Vaughn Water Company,36.778261,-119.4179324,30148,1376738367,45665.99335,Oct,14,36%,-2.515306782,-2.230197237Vaughn Water Company,36.778261,-119.4179324,30813,1457798097,47311.13807,Aug,15,36%,-2.515306782,-2.230197237Ventura County Waterworks District No 1,36.778261,-119.4179324,38703,1223489268,31612.2592,Aug,15,32%,-2.515306782,-2.230197237Ventura County Waterworks District No 1,36.778261,-119.4179324,38703,1076581745,27816.49343,Apr,15,32%,-2.515306782,-2.230197237Ventura County Waterworks District No 1,36.778261,-119.4179324,38703,715171970.5,18478.46344,Jan,15,32%,-2.515306782,-2.230197237Ventura County Waterworks District No 1,36.778261,-119.4179324,38703,1268264609,32769.15507,May,15,32%,-2.515306782,-2.230197237Ventura County Waterworks District No 1,36.778261,-119.4179324,38703,980370269.4,25330.60149,Nov,14,32%,-2.515306782,-2.230197237Ventura County Waterworks District No 1,36.778261,-119.4179324,38703,1072757956,27717.69516,Jul,15,32%,-2.515306782,-2.230197237Ventura County Waterworks District No 1,36.778261,-119.4179324,38703,1120863694,28960.64113,Jun,15,32%,-2.515306782,-2.230197237Ventura County Waterworks District No 1,36.778261,-119.4179324,38703,454784245.5,11750.61999,Dec,14,32%,-2.515306782,-2.230197237Ventura County Waterworks District No 1,36.778261,-119.4179324,38703,1507189774,38942.45339,Jul,14,32%,-2.515306782,-2.230197237Ventura County Waterworks District No 1,36.778261,-119.4179324,38703,911048667.5,23539.48447,Mar,15,32%,-2.515306782,-2.230197237Ventura County Waterworks District No 1,36.778261,-119.4179324,38703,677180772.4,17496.85483,Feb,15,32%,-2.515306782,-2.230197237Ventura County Waterworks District No 1,36.778261,-119.4179324,38703,1424176539,36797.57483,Jun,14,32%,-2.515306782,-2.230197237Ventura County Waterworks District No 1,36.778261,-119.4179324,38703,1378414414,35615.18264,Sep,14,32%,-2.515306782,-2.230197237Ventura County Waterworks District No 1,36.778261,-119.4179324,38703,1460564212,37737.75191,Aug,14,32%,-2.515306782,-2.230197237Ventura County Waterworks District No 1,36.778261,-119.4179324,38703,1312916601,33922.86389,Oct,14,32%,-2.515306782,-2.230197237Ventura County Waterworks District No. 8,36.778261,-119.4179324,90687,1947147584,21471.07727,Jun,15,28%,-2.515306782,-2.230197237Ventura County Waterworks District No. 8,36.778261,-119.4179324,90687,2080585500,22942.489,Aug,15,28%,-2.515306782,-2.230197237Ventura County Waterworks District No. 8,36.778261,-119.4179324,90687,1374097232,15152.0861,Feb,15,28%,-2.515306782,-2.230197237Ventura County Waterworks District No. 8,36.778261,-119.4179324,90687,1771277940,19531.77346,May,15,28%,-2.515306782,-2.230197237Ventura County Waterworks District No. 8,36.778261,-119.4179324,90687,1902026869,20973.5339,Apr,15,28%,-2.515306782,-2.230197237Ventura County Waterworks District No. 8,36.778261,-119.4179324,90687,1930261237,21284.87255,Jul,15,28%,-2.515306782,-2.230197237Ventura County Waterworks District No. 8,36.778261,-119.4179324,90687,1064493637,11738.1062,Dec,14,28%,-2.515306782,-2.230197237Ventura County Waterworks District No. 8,36.778261,-119.4179324,90687,1787313186,19708.59314,Nov,14,28%,-2.515306782,-2.230197237Ventura County Waterworks District No. 8,36.778261,-119.4179324,90687,2294273655,25298.81521,Oct,14,28%,-2.515306782,-2.230197237Ventura County Waterworks District No. 8,36.778261,-119.4179324,90086,2632247301,29219.2716,Aug,14,28%,-2.515306782,-2.230197237Ventura County Waterworks District No. 8,36.778261,-119.4179324,90687,1744141370,19232.54017,Mar,15,28%,-2.515306782,-2.230197237Ventura County Waterworks District No. 8,36.778261,-119.4179324,90086,2772864073,30780.18864,Jul,14,28%,-2.515306782,-2.230197237Ventura County Waterworks District No. 8,36.778261,-119.4179324,90086,2659383871,29520.5012,Jun,14,28%,-2.515306782,-2.230197237Ventura County Waterworks District No. 8,36.778261,-119.4179324,90687,1469075228,16199.40264,Jan,15,28%,-2.515306782,-2.230197237Ventura County Waterworks District No. 8,36.778261,-119.4179324,90687,2482996165,27379.84678,Sep,14,28%,-2.515306782,-2.230197237Vernon  City of,34.003903,-118.230073,122,785455687.1,6438161.37,Oct,14,8%,-2.393584138,-1.893130657Vernon  City of,34.003903,-118.230073,112,707573730.9,6317622.597,May,15,8%,-2.393584138,-1.893130657Vernon  City of,34.003903,-118.230073,112,862757907.5,7703195.603,Jun,15,8%,-2.393584138,-1.893130657Vernon  City of,34.003903,-118.230073,112,719119108,6420706.321,Apr,15,8%,-2.393584138,-1.893130657Vernon  City of,34.003903,-118.230073,112,753274181.9,6725662.339,Aug,15,8%,-2.393584138,-1.893130657Vernon  City of,34.003903,-118.230073,112,779757007.4,6962116.138,Jul,15,8%,-2.393584138,-1.893130657Vernon  City of,34.003903,-118.230073,122,698630997.6,5726483.587,Jan,15,8%,-2.393584138,-1.893130657Vernon  City of,34.003903,-118.230073,122,693425710,5683817.295,Dec,14,8%,-2.393584138,-1.893130657Vernon  City of,34.003903,-118.230073,112,753311186.3,6725992.735,Sep,14,8%,-2.393584138,-1.893130657Vernon  City of,34.003903,-118.230073,112,823619572.6,7353746.183,Aug,14,8%,-2.393584138,-1.893130657Vernon  City of,34.003903,-118.230073,112,847993146.4,7571367.379,Jul,14,8%,-2.393584138,-1.893130657Vernon  City of,34.003903,-118.230073,100,776957006.8,7769570.068,Jun,14,8%,-2.393584138,-1.893130657Vernon  City of,34.003903,-118.230073,122,716134085.3,5869951.519,Mar,15,8%,-2.393584138,-1.893130657Vernon  City of,34.003903,-118.230073,122,657802794.4,5391826.183,Feb,15,8%,-2.393584138,-1.893130657Vernon  City of,34.003903,-118.230073,122,689823947.1,5654294.648,Nov,14,8%,-2.393584138,-1.893130657Victorville Water District,36.778261,-119.4179324,125889,2478062244,19684.50177,Aug,15,28%,-2.515306782,-2.230197237Victorville Water District,36.778261,-119.4179324,124294,1793480588,14429.34163,Nov,14,28%,-2.515306782,-2.230197237Victorville Water District,36.778261,-119.4179324,123643,3357533811,27155.06589,Jul,14,28%,-2.515306782,-2.230197237Victorville Water District,36.778261,-119.4179324,125874,2331278069,18520.72762,Jul,15,28%,-2.515306782,-2.230197237Victorville Water District,36.778261,-119.4179324,125356,2395419053,19108.93019,May,15,28%,-2.515306782,-2.230197237Victorville Water District,36.778261,-119.4179324,125108,2228899191,17815.80067,Apr,15,28%,-2.515306782,-2.230197237Victorville Water District,36.778261,-119.4179324,124945,2041410161,16338.47021,Mar,15,28%,-2.515306782,-2.230197237Victorville Water District,36.778261,-119.4179324,124620,1285286639,10313.6466,Jan,15,28%,-2.515306782,-2.230197237Victorville Water District,36.778261,-119.4179324,122507,1395066400,11387.64642,Dec,14,28%,-2.515306782,-2.230197237Victorville Water District,36.778261,-119.4179324,123806,3082467669,24897.56287,Aug,14,28%,-2.515306782,-2.230197237Victorville Water District,36.778261,-119.4179324,124783,1406167724,11268.90461,Feb,15,28%,-2.515306782,-2.230197237Victorville Water District,36.778261,-119.4179324,123969,2697621765,21760.45435,Sep,14,28%,-2.515306782,-2.230197237Victorville Water District,36.778261,-119.4179324,125859,2468194400,19610.78985,Jun,15,28%,-2.515306782,-2.230197237Victorville Water District,36.778261,-119.4179324,123480,3113304680,25213.02786,Jun,14,28%,-2.515306782,-2.230197237Victorville Water District,36.778261,-119.4179324,124131,2326344147,18741.04089,Oct,14,28%,-2.515306782,-2.230197237Vista Irrigation District,37.3540872,-120.4237926,124293,1710837398,13764.55148,Nov,14,20%,-2.532877541,-2.393164863Vista Irrigation District,37.3540872,-120.4237926,124293,1197709526,9636.178436,Dec,14,20%,-2.532877541,-2.393164863Vista Irrigation District,37.3540872,-120.4237926,124746,1440705177,11549.10921,Feb,15,20%,-2.532877541,-2.393164863Vista Irrigation District,37.3540872,-120.4237926,124293,2455859595,19758.63158,Jun,14,20%,-2.532877541,-2.393164863Vista Irrigation District,37.3540872,-120.4237926,124746,1779912303,14268.2916,Jun,15,20%,-2.532877541,-2.393164863Vista Irrigation District,37.3540872,-120.4237926,124746,1332158896,10678.97084,Jan,15,20%,-2.532877541,-2.393164863Vista Irrigation District,37.3540872,-120.4237926,124746,1852687650,14851.67982,Apr,15,20%,-2.532877541,-2.393164863Vista Irrigation District,37.3540872,-120.4237926,124746,1703436515,13655.23957,Mar,15,20%,-2.532877541,-2.393164863Vista Irrigation District,37.3540872,-120.4237926,124293,2252335319,18121.17593,Sep,14,20%,-2.532877541,-2.393164863Vista Irrigation District,37.3540872,-120.4237926,124746,1582555430,12686.22184,May,15,20%,-2.532877541,-2.393164863Vista Irrigation District,37.3540872,-120.4237926,124293,2601410290,20929.66048,Jul,14,20%,-2.532877541,-2.393164863Vista Irrigation District,37.3540872,-120.4237926,124293,2143789039,17247.86624,Oct,14,20%,-2.532877541,-2.393164863Vista Irrigation District,37.3540872,-120.4237926,124746,1952599568,15652.60263,Aug,15,20%,-2.532877541,-2.393164863Vista Irrigation District,37.3540872,-120.4237926,124293,2400352975,19312.05277,Aug,14,20%,-2.532877541,-2.393164863Vista Irrigation District,37.3540872,-120.4237926,124746,1713304359,13734.34305,Jul,15,20%,-2.532877541,-2.393164863Walnut Valley Water District,36.778261,-119.4179324,113236,1883549332,16633.83846,Jul,15,28%,-2.515306782,-2.230197237Walnut Valley Water District,36.778261,-119.4179324,113236,1995277992,17620.52697,Aug,15,28%,-2.515306782,-2.230197237Walnut Valley Water District,36.778261,-119.4179324,113236,1480176552,13071.60754,Feb,15,28%,-2.515306782,-2.230197237Walnut Valley Water District,36.778261,-119.4179324,113236,1476476110,13038.92852,Jan,15,28%,-2.515306782,-2.230197237Walnut Valley Water District,36.778261,-119.4179324,113236,1269251393,11208.90347,Dec,14,28%,-2.515306782,-2.230197237Walnut Valley Water District,36.778261,-119.4179324,113236,1888458584,16677.19262,Nov,14,28%,-2.515306782,-2.230197237Walnut Valley Water District,36.778261,-119.4179324,113236,2275771448,20097.5966,Oct,14,28%,-2.515306782,-2.230197237Walnut Valley Water District,36.778261,-119.4179324,113236,2396652533,21165.11121,Sep,14,28%,-2.515306782,-2.230197237Walnut Valley Water District,36.778261,-119.4179324,113236,2495330970,22036.55171,Aug,14,28%,-2.515306782,-2.230197237Walnut Valley Water District,36.778261,-119.4179324,113236,2695154804,23801.21873,Jul,14,28%,-2.515306782,-2.230197237Walnut Valley Water District,36.778261,-119.4179324,113236,1762643577,15566.10598,Mar,15,28%,-2.515306782,-2.230197237Walnut Valley Water District,36.778261,-119.4179324,113236,2485463126,21949.40766,Jun,14,28%,-2.515306782,-2.230197237Walnut Valley Water District,36.778261,-119.4179324,113236,1831755487,16176.44112,Jun,15,28%,-2.515306782,-2.230197237Walnut Valley Water District,36.778261,-119.4179324,113236,1820617159,16078.07728,Apr,15,28%,-2.515306782,-2.230197237Walnut Valley Water District,36.778261,-119.4179324,113236,1675066464,14792.70254,May,15,28%,-2.515306782,-2.230197237Wasco  City of,35.593061,-119.3332974,19511,582953530.3,29878.19847,Jun,14,36%,-2.848507171,-2.184706129Wasco  City of,35.593061,-119.3332974,19511,594309767.9,30460.24129,Jul,14,36%,-2.848507171,-2.184706129Wasco  City of,35.593061,-119.3332974,21170,224588525.7,10608.81085,Feb,15,36%,-2.848507171,-2.184706129Wasco  City of,35.593061,-119.3332974,26159,256295141,9797.589397,Mar,15,36%,-2.848507171,-2.184706129Wasco  City of,35.593061,-119.3332974,19511,560241055.1,28714.11281,Aug,14,36%,-2.848507171,-2.184706129Wasco  City of,35.593061,-119.3332974,26159,520418515.2,19894.43462,Jul,15,36%,-2.848507171,-2.184706129Wasco  City of,35.593061,-119.3332974,19511,261420589.6,13398.62588,Dec,14,36%,-2.848507171,-2.184706129Wasco  City of,35.593061,-119.3332974,26159,368699180.8,14094.54417,Apr,15,36%,-2.848507171,-2.184706129Wasco  City of,35.593061,-119.3332974,19511,461820329.2,23669.74164,Sep,14,36%,-2.848507171,-2.184706129Wasco  City of,35.593061,-119.3332974,26159,503573429.4,19250.48471,Aug,15,36%,-2.848507171,-2.184706129Wasco  City of,35.593061,-119.3332974,19511,304309313.6,15596.80763,Nov,14,36%,-2.848507171,-2.184706129Wasco  City of,35.593061,-119.3332974,26159,409808761,15666.07137,May,15,36%,-2.848507171,-2.184706129Wasco  City of,35.593061,-119.3332974,21170,232045788.4,10961.067,Jan,15,36%,-2.848507171,-2.184706129Wasco  City of,35.593061,-119.3332974,19511,382667353.1,19612.90314,Oct,14,36%,-2.848507171,-2.184706129Wasco  City of,35.593061,-119.3332974,26159,427865178.7,16356.32779,Jun,15,36%,-2.848507171,-2.184706129Watsonville  City of,36.9175028,-121.759234,65739,583187499.1,8871.256013,Feb,15,20%,-2.352527068,-1.708349601Watsonville  City of,36.9175028,-121.759234,65739,1016388868,15460.97245,Jul,14,20%,-2.352527068,-1.708349601Watsonville  City of,36.9175028,-121.759234,65739,790675257,12027.4914,Oct,14,20%,-2.352527068,-1.708349601Watsonville  City of,36.9175028,-121.759234,65739,922668549.3,14035.32985,Aug,14,20%,-2.352527068,-1.708349601Watsonville  City of,36.9175028,-121.759234,65739,530834638,8074.881547,Dec,14,20%,-2.352527068,-1.708349601Watsonville  City of,36.9175028,-121.759234,65739,576136229.4,8763.994424,Jan,15,20%,-2.352527068,-1.708349601Watsonville  City of,36.9175028,-121.759234,65739,794018942.2,12078.35444,May,15,20%,-2.352527068,-1.708349601Watsonville  City of,36.9175028,-121.759234,65739,971103871.7,14772.11201,Jun,14,20%,-2.352527068,-1.708349601Watsonville  City of,36.9175028,-121.759234,65739,652233363.1,9921.558939,Mar,15,20%,-2.352527068,-1.708349601Watsonville  City of,36.9175028,-121.759234,65739,888260602.9,13511.92752,Jul,15,20%,-2.352527068,-1.708349601Watsonville  City of,36.9175028,-121.759234,65739,599350983.5,9117.12961,Nov,14,20%,-2.352527068,-1.708349601Watsonville  City of,36.9175028,-121.759234,65739,689271353.5,10484.96864,Apr,15,20%,-2.352527068,-1.708349601Watsonville  City of,36.9175028,-121.759234,65739,837571430.7,12740.86054,Sep,14,20%,-2.352527068,-1.708349601Watsonville  City of,36.9175028,-121.759234,65739,843000242.3,12823.44183,Jun,15,20%,-2.352527068,-1.708349601Watsonville  City of,36.9175028,-121.759234,65739,858787608.1,13063.59403,Aug,15,20%,-2.352527068,-1.708349601West Kern Water District,35.2094014,-118.8281395,21181,948620482.3,44786.38791,Feb,15,28%,-2.448096407,-1.88233716West Kern Water District,35.2094014,-118.8281395,21181,1175728905,55508.65892,Apr,15,28%,-2.448096407,-1.88233716West Kern Water District,35.2094014,-118.8281395,21181,1112661049,52531.09148,Mar,15,28%,-2.448096407,-1.88233716West Kern Water District,35.2094014,-118.8281395,21181,1389071685,65581.02473,May,15,28%,-2.448096407,-1.88233716West Kern Water District,35.2094014,-118.8281395,21181,2240271881,105767.994,Jul,14,28%,-2.448096407,-1.88233716West Kern Water District,35.2094014,-118.8281395,21181,1937982824,91496.28555,Jul,15,28%,-2.448096407,-1.88233716West Kern Water District,35.2094014,-118.8281395,21181,1766566045,83403.33529,Jun,15,28%,-2.448096407,-1.88233716West Kern Water District,35.2094014,-118.8281395,21181,1962640099,92660.40785,Sep,14,28%,-2.448096407,-1.88233716West Kern Water District,35.2094014,-118.8281395,21181,1860865626,87855.41881,Aug,15,28%,-2.448096407,-1.88233716West Kern Water District,35.2094014,-118.8281395,21181,2319560004,109511.3547,Aug,14,28%,-2.448096407,-1.88233716West Kern Water District,35.2094014,-118.8281395,21181,1415801206,66842.98222,Nov,14,28%,-2.448096407,-1.88233716West Kern Water District,35.2094014,-118.8281395,21181,1892516735,89349.73488,Oct,14,28%,-2.448096407,-1.88233716West Kern Water District,35.2094014,-118.8281395,21181,1983337901,93637.59505,Jun,14,28%,-2.448096407,-1.88233716West Kern Water District,35.2094014,-118.8281395,21181,1252611742,59138.46096,Dec,14,28%,-2.448096407,-1.88233716West Kern Water District,35.2094014,-118.8281395,21181,1325596780,62584.23967,Jan,15,28%,-2.448096407,-1.88233716West Sacramento  City of,38.5869669,-121.5224888,48744,1786079706,36642.04221,Jun,14,28%,-1.912571924,-1.095437984West Sacramento  City of,38.5869669,-121.5224888,50836,1353128064,26617.51641,Aug,15,28%,-1.912571924,-1.095437984West Sacramento  City of,38.5869669,-121.5224888,50836,1339559779,26350.61333,Jul,15,28%,-1.912571924,-1.095437984West Sacramento  City of,38.5869669,-121.5224888,50836,1235947421,24312.44434,Jun,15,28%,-1.912571924,-1.095437984West Sacramento  City of,38.5869669,-121.5224888,50836,1152070749,22662.49802,May,15,28%,-1.912571924,-1.095437984West Sacramento  City of,38.5869669,-121.5224888,50836,1031189664,20284.6342,Apr,15,28%,-1.912571924,-1.095437984West Sacramento  City of,38.5869669,-121.5224888,50836,970749121.8,19095.70229,Mar,15,28%,-1.912571924,-1.095437984West Sacramento  City of,38.5869669,-121.5224888,50836,711718225.2,14000.27983,Feb,15,28%,-1.912571924,-1.095437984West Sacramento  City of,38.5869669,-121.5224888,50836,764757885,15043.62824,Jan,15,28%,-1.912571924,-1.095437984West Sacramento  City of,38.5869669,-121.5224888,48744,736387834.4,15107.25083,Dec,14,28%,-1.912571924,-1.095437984West Sacramento  City of,38.5869669,-121.5224888,48744,859735880.4,17637.77861,Nov,14,28%,-1.912571924,-1.095437984West Sacramento  City of,38.5869669,-121.5224888,48744,1291454041,26494.62583,Oct,14,28%,-1.912571924,-1.095437984West Sacramento  City of,38.5869669,-121.5224888,48744,1466608267,30087.97527,Sep,14,28%,-1.912571924,-1.095437984West Sacramento  City of,38.5869669,-121.5224888,48744,1667665582,34212.73555,Aug,14,28%,-1.912571924,-1.095437984West Sacramento  City of,38.5869669,-121.5224888,48744,1850220690,37957.91666,Jul,14,28%,-1.912571924,-1.095437984West Valley Water District,37.2484702,-121.8736716,68648,2535049041,36928.22866,Jun,14,32%,-2.036978843,-1.376648946West Valley Water District,37.2484702,-121.8736716,68707,2771630593,40339.85755,Jul,14,32%,-2.036978843,-1.376648946West Valley Water District,37.2484702,-121.8736716,73285,1786203054,24373.37864,May,15,32%,-2.036978843,-1.376648946West Valley Water District,37.2484702,-121.8736716,73602,1994488564,27098.29304,Jul,15,32%,-2.036978843,-1.376648946West Valley Water District,37.2484702,-121.8736716,73444,2111718547,28752.77146,Jun,15,32%,-2.036978843,-1.376648946West Valley Water District,37.2484702,-121.8736716,73189,1963330848,26825.49082,Apr,15,32%,-2.036978843,-1.376648946West Valley Water District,37.2484702,-121.8736716,72646,1116299816,15366.2943,Dec,14,32%,-2.036978843,-1.376648946West Valley Water District,37.2484702,-121.8736716,73016,1704299951,23341.45874,Mar,15,32%,-2.036978843,-1.376648946West Valley Water District,37.2484702,-121.8736716,66571,1316123651,19770.22503,Feb,15,32%,-2.036978843,-1.376648946West Valley Water District,37.2484702,-121.8736716,72881,1380141286,18936.91478,Jan,15,32%,-2.036978843,-1.376648946West Valley Water District,37.2484702,-121.8736716,68831,2296740616,33367.82287,Aug,14,32%,-2.036978843,-1.376648946West Valley Water District,37.2484702,-121.8736716,73752,2212703592,30001.94696,Aug,15,32%,-2.036978843,-1.376648946West Valley Water District,37.2484702,-121.8736716,68884,2482502773,36038.88818,Sep,14,32%,-2.036978843,-1.376648946West Valley Water District,37.2484702,-121.8736716,72444,2297974096,31720.69594,Oct,14,32%,-2.036978843,-1.376648946West Valley Water District,37.2484702,-121.8736716,72597,1774978382,24449.74836,Nov,14,32%,-2.036978843,-1.376648946Westborough Water District,36.778261,-119.4179324,14050,76665384.67,5456.611009,May,15,8%,-2.515306782,-2.230197237Westborough Water District,36.778261,-119.4179324,14050,97179519.4,6916.691773,Jun,15,8%,-2.515306782,-2.230197237Westborough Water District,36.778261,-119.4179324,14050,82203776.33,5850.802586,Mar,15,8%,-2.515306782,-2.230197237Westborough Water District,36.778261,-119.4179324,14050,105345532.5,7497.902666,Apr,15,8%,-2.515306782,-2.230197237Westborough Water District,36.778261,-119.4179324,14050,76832442.5,5468.501246,Jan,15,8%,-2.515306782,-2.230197237Westborough Water District,36.778261,-119.4179324,14050,97533455.48,6941.882952,Jun,14,8%,-2.515306782,-2.230197237Westborough Water District,36.778261,-119.4179324,14050,86405705.37,6149.872269,Sep,14,8%,-2.515306782,-2.230197237Westborough Water District,36.778261,-119.4179324,14050,79513862.18,5659.349621,Feb,15,8%,-2.515306782,-2.230197237Westborough Water District,36.778261,-119.4179324,14050,62595717.94,4455.211241,Jul,15,8%,-2.515306782,-2.230197237Westborough Water District,36.778261,-119.4179324,14050,100616946.5,7161.348508,Oct,14,8%,-2.515306782,-2.230197237Westborough Water District,36.778261,-119.4179324,14050,95092712.32,6768.164578,Aug,15,8%,-2.515306782,-2.230197237Westborough Water District,36.778261,-119.4179324,14050,77112759.87,5488.45266,Nov,14,8%,-2.515306782,-2.230197237Westborough Water District,36.778261,-119.4179324,14050,102199748.6,7274.003463,Aug,14,8%,-2.515306782,-2.230197237Westborough Water District,36.778261,-119.4179324,14050,102635797.9,7305.038996,Jul,14,8%,-2.515306782,-2.230197237Westborough Water District,36.778261,-119.4179324,14050,86326423.69,6144.229444,Dec,14,8%,-2.515306782,-2.230197237Western Municipal Water District of Riverside,33.9109853,-117.2899797,96139,3183613066,33114.6888,Aug,14,32%,-2.007324958,-1.410734929Western Municipal Water District of Riverside,33.9109853,-117.2899797,96139,3485963797,36259.62197,Jul,14,32%,-2.007324958,-1.410734929Western Municipal Water District of Riverside,33.9109853,-117.2899797,96139,2925815650,30433.18165,Sep,14,32%,-2.007324958,-1.410734929Western Municipal Water District of Riverside,33.9109853,-117.2899797,96139,2770397112,28816.57925,Oct,14,32%,-2.007324958,-1.410734929Western Municipal Water District of Riverside,33.9109853,-117.2899797,96139,2194361738,22824.88624,May,15,32%,-2.007324958,-1.410734929Western Municipal Water District of Riverside,33.9109853,-117.2899797,96139,1271718354,13227.91327,Dec,14,32%,-2.007324958,-1.410734929Western Municipal Water District of Riverside,33.9109853,-117.2899797,96139,1967401333,20464.13353,Nov,14,32%,-2.007324958,-1.410734929Western Municipal Water District of Riverside,33.9109853,-117.2899797,96139,2085815457,21695.83059,Mar,15,32%,-2.007324958,-1.410734929Western Municipal Water District of Riverside,33.9109853,-117.2899797,96139,3276592824,34081.8276,Jun,14,32%,-2.007324958,-1.410734929Western Municipal Water District of Riverside,33.9109853,-117.2899797,96139,2432423467,25301.11054,Jul,15,32%,-2.007324958,-1.410734929Western Municipal Water District of Riverside,33.9109853,-117.2899797,96139,2661850832,27687.52361,Jun,15,32%,-2.007324958,-1.410734929Western Municipal Water District of Riverside,33.9109853,-117.2899797,96139,2355947678,24505.63952,Apr,15,32%,-2.007324958,-1.410734929Western Municipal Water District of Riverside,33.9109853,-117.2899797,96139,2622379457,27276.95792,Aug,15,32%,-2.007324958,-1.410734929Western Municipal Water District of Riverside,33.9109853,-117.2899797,85469,1464141306,17130.67084,Feb,15,32%,-2.007324958,-1.410734929Western Municipal Water District of Riverside,33.9109853,-117.2899797,96139,1170572956,12175.83869,Jan,15,32%,-2.007324958,-1.410734929Westminster  City of,33.7619804,-117.989546,93322,1022061909,10951.99319,Jul,15,20%,-2.466295745,-1.860684829Westminster  City of,33.7619804,-117.989546,93322,1445269055,15486.90614,Jun,14,20%,-2.466295745,-1.860684829Westminster  City of,33.7619804,-117.989546,93322,1339806475,14356.81271,Aug,15,20%,-2.466295745,-1.860684829Westminster  City of,33.7619804,-117.989546,93322,991841637.6,10628.16525,Feb,15,20%,-2.466295745,-1.860684829Westminster  City of,33.7619804,-117.989546,93322,1159594980,12425.74077,Nov,14,20%,-2.466295745,-1.860684829Westminster  City of,33.7619804,-117.989546,93322,1161938593,12450.85396,Apr,15,20%,-2.466295745,-1.860684829Westminster  City of,33.7619804,-117.989546,93322,1344247005,14404.39559,Sep,14,20%,-2.466295745,-1.860684829Westminster  City of,33.7619804,-117.989546,93322,1417639092,15190.83488,Aug,14,20%,-2.466295745,-1.860684829Westminster  City of,33.7619804,-117.989546,93322,1485603866,15919.11731,Jul,14,20%,-2.466295745,-1.860684829Westminster  City of,33.7619804,-117.989546,93322,1175506878,12596.2461,Jun,15,20%,-2.466295745,-1.860684829Westminster  City of,33.7619804,-117.989546,93322,1134802023,12160.06968,May,15,20%,-2.466295745,-1.860684829Westminster  City of,33.7619804,-117.989546,93322,1168352691,12519.58479,Mar,15,20%,-2.466295745,-1.860684829Westminster  City of,33.7619804,-117.989546,93322,960141189.8,10288.47635,Dec,14,20%,-2.466295745,-1.860684829Westminster  City of,33.7619804,-117.989546,93322,1296634659,13894.20136,Oct,14,20%,-2.466295745,-1.860684829Westminster  City of,33.7619804,-117.989546,93322,1038590547,11129.10725,Jan,15,20%,-2.466295745,-1.860684829Whittier  City of,37.7075843,-122.4468579,65000,980616965.5,15086.41485,Sep,14,20%,-1.950052006,-1.368384344Whittier  City of,37.7075843,-122.4468579,48200,1164405554,24157.79158,Jun,14,20%,-1.950052006,-1.368384344Whittier  City of,37.7075843,-122.4468579,49954,844983454.1,16915.23109,Aug,15,20%,-1.950052006,-1.368384344Whittier  City of,37.7075843,-122.4468579,49954,812912962.2,16273.23062,Jul,15,20%,-1.950052006,-1.368384344Whittier  City of,37.7075843,-122.4468579,49954,729875057.6,14610.94322,Jun,15,20%,-1.950052006,-1.368384344Whittier  City of,37.7075843,-122.4468579,48200,1288987080,26742.47055,Jul,14,20%,-1.950052006,-1.368384344Whittier  City of,37.7075843,-122.4468579,49954,863103282.1,17277.96137,Apr,15,20%,-1.950052006,-1.368384344Whittier  City of,37.7075843,-122.4468579,49954,784752603.3,15709.50481,Mar,15,20%,-1.950052006,-1.368384344Whittier  City of,37.7075843,-122.4468579,48200,709633643.3,14722.68969,Feb,15,20%,-1.950052006,-1.368384344Whittier  City of,37.7075843,-122.4468579,49954,650414246.4,13020.26357,May,15,20%,-1.950052006,-1.368384344Whittier  City of,37.7075843,-122.4468579,48200,735845103,15266.49591,Nov,14,20%,-1.950052006,-1.368384344Whittier  City of,37.7075843,-122.4468579,65000,842467154,12961.03314,Oct,14,20%,-1.950052006,-1.368384344Whittier  City of,37.7075843,-122.4468579,48200,969515641.3,20114.43239,Aug,14,20%,-1.950052006,-1.368384344Whittier  City of,37.7075843,-122.4468579,48200,630826576.7,13087.68831,Jan,15,20%,-1.950052006,-1.368384344Whittier  City of,37.7075843,-122.4468579,48200,566734932,11757.98614,Dec,14,20%,-1.950052006,-1.368384344"Windsor, Town of",33.9914598,-118.3023796,27391,297902799.7,10875.93734,Apr,15,16%,-2.414756954,-1.831758185"Windsor, Town of",33.9914598,-118.3023796,27391,349118141.9,12745.72458,May,15,16%,-2.414756954,-1.831758185"Windsor, Town of",33.9914598,-118.3023796,28234,504684697.5,17875.06898,Jul,14,16%,-2.414756954,-1.831758185"Windsor, Town of",33.9914598,-118.3023796,28234,484051036.4,17144.25998,Jun,14,16%,-2.414756954,-1.831758185"Windsor, Town of",33.9914598,-118.3023796,27486,409817715.3,14910.05295,Aug,15,16%,-2.414756954,-1.831758185"Windsor, Town of",33.9914598,-118.3023796,27486,380624933.3,13847.95653,Jun,15,16%,-2.414756954,-1.831758185"Windsor, Town of",33.9914598,-118.3023796,28234,459538079.2,16276.05296,Aug,14,16%,-2.414756954,-1.831758185"Windsor, Town of",33.9914598,-118.3023796,28234,226136439.6,8009.366,Jan,15,16%,-2.414756954,-1.831758185"Windsor, Town of",33.9914598,-118.3023796,27486,401132779.4,14594.07624,Jul,15,16%,-2.414756954,-1.831758185"Windsor, Town of",33.9914598,-118.3023796,27391,203645156.9,7434.747068,Feb,15,16%,-2.414756954,-1.831758185"Windsor, Town of",33.9914598,-118.3023796,28234,244810100.3,8670.755129,Nov,14,16%,-2.414756954,-1.831758185"Windsor, Town of",33.9914598,-118.3023796,27391,274890988.3,10035.81426,Mar,15,16%,-2.414756954,-1.831758185"Windsor, Town of",33.9914598,-118.3023796,28234,398739827.3,14122.68284,Sep,14,16%,-2.414756954,-1.831758185"Windsor, Town of",33.9914598,-118.3023796,28234,351788627.1,12459.75162,Oct,14,16%,-2.414756954,-1.831758185"Windsor, Town of",33.9914598,-118.3023796,28234,222677760.4,7886.865497,Dec,14,16%,-2.414756954,-1.831758185Winton Water & Sanitary District,36.778261,-119.417932,8500,196311494,23095.46989,Aug,15,36%,-2.515306938,-2.230197743Winton Water & Sanitary District,36.778261,-119.417932,8500,200187756.5,23551.50076,Jul,15,36%,-2.515306938,-2.230197743Winton Water & Sanitary District,36.778261,-119.417932,8500,196519691.7,23119.96373,Jun,15,36%,-2.515306938,-2.230197743Winton Water & Sanitary District,36.778261,-119.417932,8500,167409869.3,19695.27874,May,15,36%,-2.515306938,-2.230197743Winton Water & Sanitary District,36.778261,-119.417932,8500,141828051.4,16685.65311,Apr,15,36%,-2.515306938,-2.230197743Winton Water & Sanitary District,36.778261,-119.417932,8500,126640976.3,14898.93839,Mar,15,36%,-2.515306938,-2.230197743Winton Water & Sanitary District,36.778261,-119.417932,8500,91996880.82,10823.16245,Feb,15,36%,-2.515306938,-2.230197743Winton Water & Sanitary District,36.778261,-119.417932,8500,101778386.8,11973.92786,Jan,15,36%,-2.515306938,-2.230197743Winton Water & Sanitary District,36.778261,-119.417932,8500,92878881.94,10926.92729,Dec,14,36%,-2.515306938,-2.230197743Winton Water & Sanitary District,36.778261,-119.417932,8500,107664703.3,12666.43568,Nov,14,36%,-2.515306938,-2.230197743Winton Water & Sanitary District,36.778261,-119.417932,8500,162617537.1,19131.47495,Oct,14,36%,-2.515306938,-2.230197743Winton Water & Sanitary District,36.778261,-119.417932,8500,190296473.5,22387.82041,Sep,14,36%,-2.515306938,-2.230197743Winton Water & Sanitary District,36.778261,-119.417932,8500,258032645.4,30356.78181,Aug,14,36%,-2.515306938,-2.230197743Winton Water & Sanitary District,36.778261,-119.417932,8500,257430764.8,30285.97233,Jul,14,36%,-2.515306938,-2.230197743Winton Water & Sanitary District,36.778261,-119.417932,8500,254890753,29987.14741,Jun,14,36%,-2.515306938,-2.230197743Woodland  City of,38.678516,-121.773297,57223,1137430148,19877.14988,Jul,15,24%,-2.245543498,-1.533464454Woodland  City of,38.678516,-121.773297,57223,1165434959,20366.5477,Aug,15,24%,-2.245543498,-1.533464454Woodland  City of,38.678516,-121.773297,56610,721349439,12742.43842,Nov,14,24%,-2.245543498,-1.533464454Woodland  City of,38.678516,-121.773297,56610,1318044660,23282.89455,Aug,14,24%,-2.245543498,-1.533464454Woodland  City of,38.678516,-121.773297,56610,1502638539,26543.69437,Jul,14,24%,-2.245543498,-1.533464454Woodland  City of,38.678516,-121.773297,56610,646521239.9,11420.61897,Jan,15,24%,-2.245543498,-1.533464454Woodland  City of,38.678516,-121.773297,57223,604416789.1,10562.47993,Feb,15,24%,-2.245543498,-1.533464454Woodland  City of,38.678516,-121.773297,56610,632409297.7,11171.33541,Dec,14,24%,-2.245543498,-1.533464454Woodland  City of,38.678516,-121.773297,56610,1318044657,23282.89448,Sep,14,24%,-2.245543498,-1.533464454Woodland  City of,38.678516,-121.773297,56610,1024691243,18100.88753,Oct,14,24%,-2.245543498,-1.533464454Woodland  City of,38.678516,-121.773297,56610,1522392608,26892.64455,Jun,14,24%,-2.245543498,-1.533464454Woodland  City of,38.678516,-121.773297,57223,1044306740,18249.77264,Jun,15,24%,-2.245543498,-1.533464454Woodland  City of,38.678516,-121.773297,57223,957400523.1,16731.04387,May,15,24%,-2.245543498,-1.533464454Woodland  City of,38.678516,-121.773297,57223,846389768.8,14791.07647,Apr,15,24%,-2.245543498,-1.533464454Woodland  City of,38.678516,-121.773297,57223,839613634.3,14672.66019,Mar,15,24%,-2.245543498,-1.533464454Yorba Linda Water District,33.8931515,-117.7546316,72500,1640455003,22626.96555,Jul,15,36%,-2.363619585,-1.789670491Yorba Linda Water District,33.8931515,-117.7546316,72500,1702166030,23478.15214,Aug,15,36%,-2.363619585,-1.789670491Yorba Linda Water District,33.8931515,-117.7546316,72500,1754305249,24197.31378,Apr,15,36%,-2.363619585,-1.789670491Yorba Linda Water District,33.8931515,-117.7546316,72399,1515084049,20926.8643,Jan,15,36%,-2.363619585,-1.789670491Yorba Linda Water District,33.8931515,-117.7546316,72500,1674819768,23100.96232,Jun,15,36%,-2.363619585,-1.789670491Yorba Linda Water District,33.8931515,-117.7546316,72399,1875260343,25901.74371,Nov,14,36%,-2.363619585,-1.789670491Yorba Linda Water District,33.8931515,-117.7546316,72399,2371736228,32759.24015,Oct,14,36%,-2.363619585,-1.789670491Yorba Linda Water District,33.8931515,-117.7546316,72399,2562308959,35391.49655,Sep,14,36%,-2.363619585,-1.789670491Yorba Linda Water District,33.8931515,-117.7546316,73990,2748071116,37141.11523,Aug,14,36%,-2.363619585,-1.789670491Yorba Linda Water District,33.8931515,-117.7546316,73990,2834908141,38314.74714,Jun,14,36%,-2.363619585,-1.789670491Yorba Linda Water District,33.8931515,-117.7546316,73500,1508854972,20528.63908,May,15,36%,-2.363619585,-1.789670491Yorba Linda Water District,33.8931515,-117.7546316,72399,1539506962,21264.20202,Feb,15,36%,-2.363619585,-1.789670491Yorba Linda Water District,33.8931515,-117.7546316,73990,2901269389,39211.64197,Jul,14,36%,-2.363619585,-1.789670491Yorba Linda Water District,33.8931515,-117.7546316,72399,1063506852,14689.52406,Dec,14,36%,-2.363619585,-1.789670491Yorba Linda Water District,33.8931515,-117.7546316,73990,1061533284,14346.98315,Mar,15,36%,-2.363619585,-1.789670491"Yreka, City of",41.7393319,-122.6270756,7840,217585512.5,27753.25414,May,15,32%,-1.78819405,-0.400858056"Yreka, City of",41.7393319,-122.6270756,7765,325356207.3,41900.34866,Aug,14,32%,-1.78819405,-0.400858056"Yreka, City of",41.7393319,-122.6270756,7840,324788395.4,41427.09126,Aug,15,32%,-1.78819405,-0.400858056"Yreka, City of",41.7393319,-122.6270756,7840,118256287.6,15083.71015,Dec,14,32%,-1.78819405,-0.400858056"Yreka, City of",41.7393319,-122.6270756,7840,125221446.6,15972.1233,Mar,15,32%,-1.78819405,-0.400858056"Yreka, City of",41.7393319,-122.6270756,7840,315930530.1,40297.26149,Jun,15,32%,-1.78819405,-0.400858056"Yreka, City of",41.7393319,-122.6270756,7840,120489681,15368.58176,Jan,15,32%,-1.78819405,-0.400858056"Yreka, City of",41.7393319,-122.6270756,7765,335501112.9,43206.84004,Jun,14,32%,-1.78819405,-0.400858056"Yreka, City of",41.7393319,-122.6270756,7840,113070272.4,14422.22862,Nov,14,32%,-1.78819405,-0.400858056"Yreka, City of",41.7393319,-122.6270756,7840,105802280.3,13495.18882,Feb,15,32%,-1.78819405,-0.400858056"Yreka, City of",41.7393319,-122.6270756,7765,401215874.5,51669.78422,Jul,14,32%,-1.78819405,-0.400858056"Yreka, City of",41.7393319,-122.6270756,7605,273382493.2,35947.73086,Sep,14,32%,-1.78819405,-0.400858056"Yreka, City of",41.7393319,-122.6270756,7840,174583226.1,22268.26863,Oct,14,32%,-1.78819405,-0.400858056"Yreka, City of",41.7393319,-122.6270756,7840,340005753.8,43368.08085,Jul,15,32%,-1.78819405,-0.400858056"Yreka, City of",41.7393319,-122.6270756,7840,163529821.5,20858.3956,Apr,15,32%,-1.78819405,-0.400858056Yuba City  City of,38.4986423,-121.5441793,65372,1233173841,18863.94544,Mar,15,32%,-1.954963017,-1.009896747Yuba City  City of,38.4986423,-121.5441793,65372,981746740.8,15017.84771,Jan,15,32%,-1.954963017,-1.009896747Yuba City  City of,38.4986423,-121.5441793,65416,1307254365,19983.70987,Apr,15,32%,-1.954963017,-1.009896747Yuba City  City of,38.4986423,-121.5441793,65372,927653195.6,14190.37502,Feb,15,32%,-1.954963017,-1.009896747Yuba City  City of,38.4986423,-121.5441793,68379,1557318717,22774.80976,May,15,32%,-1.954963017,-1.009896747Yuba City  City of,38.4986423,-121.5441793,68379,1741744015,25471.91411,Aug,15,32%,-1.954963017,-1.009896747Yuba City  City of,38.4986423,-121.5441793,65372,1522227942,23285.62599,Oct,14,32%,-1.954963017,-1.009896747Yuba City  City of,38.4986423,-121.5441793,65372,1725391033,26393.42583,Sep,14,32%,-1.954963017,-1.009896747Yuba City  City of,38.4986423,-121.5441793,68379,1667587784,24387.42573,Jun,15,32%,-1.954963017,-1.009896747Yuba City  City of,38.4986423,-121.5441793,68379,1789743046,26173.86985,Jul,15,32%,-1.954963017,-1.009896747Yuba City  City of,38.4986423,-121.5441793,65372,2194252230,33565.62794,Jun,14,32%,-1.954963017,-1.009896747Yuba City  City of,38.4986423,-121.5441793,65372,899338309.9,13757.24025,Dec,14,32%,-1.954963017,-1.009896747Yuba City  City of,38.4986423,-121.5441793,65372,1092621474,16713.90617,Nov,14,32%,-1.954963017,-1.009896747Yuba City  City of,38.4986423,-121.5441793,65372,2327877292,35609.69975,Jul,14,32%,-1.954963017,-1.009896747Yuba City  City of,38.4986423,-121.5441793,65372,2066456702,31610.73093,Aug,14,32%,-1.954963017,-1.009896747Yucaipa Valley Water District,34.0023951,-117.0746817,42171,1703435640,40393.53206,Jun,14,36%,-2.06096585,-1.500901572Yucaipa Valley Water District,34.0023951,-117.0746817,44023,1031903457,23440.09851,Apr,15,36%,-2.06096585,-1.500901572Yucaipa Valley Water District,34.0023951,-117.0746817,44051,1290144300,29287.51447,Jun,15,36%,-2.06096585,-1.500901572Yucaipa Valley Water District,34.0023951,-117.0746817,44843,1704419848,38008.60441,Jul,14,36%,-2.06096585,-1.500901572Yucaipa Valley Water District,34.0023951,-117.0746817,44896,1069000500,23810.59559,Nov,14,36%,-2.06096585,-1.500901572Yucaipa Valley Water District,34.0023951,-117.0746817,44171,1274548400,28854.86859,Jul,15,36%,-2.06096585,-1.500901572Yucaipa Valley Water District,34.0023951,-117.0746817,44851,1550467120,34569.28764,Aug,14,36%,-2.06096585,-1.500901572Yucaipa Valley Water District,34.0023951,-117.0746817,44394,628113501.8,14148.61247,Jan,15,36%,-2.06096585,-1.500901572Yucaipa Valley Water District,34.0023951,-117.0746817,44873,1312023984,29238.60639,Oct,14,36%,-2.06096585,-1.500901572Yucaipa Valley Water District,34.0023951,-117.0746817,44876,1467225898,32695.11316,Sep,14,36%,-2.06096585,-1.500901572Yucaipa Valley Water District,34.0023951,-117.0746817,44468,1332730191,29970.54491,Aug,15,36%,-2.06096585,-1.500901572Yucaipa Valley Water District,34.0023951,-117.0746817,44036,878404978.6,19947.42889,May,15,36%,-2.06096585,-1.500901572Yucaipa Valley Water District,34.0023951,-117.0746817,44007,919136017.4,20886.13215,Mar,15,36%,-2.06096585,-1.500901572Yucaipa Valley Water District,34.0023951,-117.0746817,44446,722143149.2,16247.65219,Feb,15,36%,-2.06096585,-1.500901572Yucaipa Valley Water District,34.0023951,-117.0746817,44745,584766742.9,13068.87346,Dec,14,36%,-2.06096585,-1.500901572